127 705 2
70 10 3
566 574 0
78 307 1
333 278 1
786 685 4
426 711 2
773 603 1
956 492 2
785 85 3
941 753 0
459 851 0
215 625 3
6 633 4
531 447 1
681 803 0
984 858 4
38 284 1
193 728 3
246 703 1
204 832 3
924 724 3
697 286 1
86 889 3
560 549 0
832 929 2
875 115 0
599 886 1
978 228 1
646 127 3
871 144 2
945 176 4
26 183 2
429 581 2
296 457 4
69 807 1
737 367 1
882 487 3
47 232 0
437 914 2
166 559 3
904 660 1
606 779 4
859 370 4
776 784 4
536 949 1
455 105 0
881 375 3
689 981 4
526 578 3
356 684 4
776 593 3
505 168 3
297 770 4
372 403 4
982 470 2
336 201 1
551 425 3
955 455 4
336 960 3
704 130 4
355 815 0
584 540 1
577 714 2
587 325 0
794 809 4
240 626 3
438 440 3
124 242 3
615 529 4
107 583 0
825 240 1
796 981 2
985 400 2
26 284 4
43 617 0
238 402 0
539 798 0
750 268 0
294 607 0
225 958 3
288 460 2
450 238 2
374 322 4
454 91 2
32 52 0
104 729 1
674 199 2
321 61 1
60 723 3
64 863 3
260 116 4
723 116 4
17 921 1
168 306 4
370 44 4
303 287 2
906 435 3
977 811 1
949 297 3
898 980 2
565 893 1
807 792 2
722 667 2
852 365 3
764 363 0
107 606 0
892 703 3
884 894 4
343 515 1
269 767 1
447 147 2
117 709 0
278 577 2
861 229 4
289 648 0
945 487 0
390 311 0
250 42 4
543 338 3
344 170 3
186 922 1
141 491 4
104 822 0
988 397 0
306 115 1
293 632 1
29 472 2
88 233 4
864 571 4
936 624 1
617 284 0
395 194 0
229 218 2
956 366 0
554 723 1
918 440 3
991 318 2
371 856 1
371 657 1
882 559 4
101 918 3
831 982 4
52 578 3
435 933 1
366 948 2
341 567 4
422 871 0
475 286 2
544 679 2
371 991 3
756 158 2
557 243 4
586 447 2
882 909 3
181 451 1
573 899 4
669 907 0
726 370 0
548 337 1
343 181 1
613 682 1
111 530 3
328 378 3
513 190 0
648 11 3
983 897 1
138 173 4
607 805 2
483 225 3
173 219 4
988 6 1
688 106 0
836 524 2
757 482 4
514 428 1
499 663 2
770 541 1
382 364 2
111 674 1
490 66 0
977 42 3
638 192 0
302 345 0
37 971 1
192 771 1
331 400 4
233 240 4
96 357 4
417 19 1
802 324 3
744 96 0
849 717 2
461 901 1
22 994 3
653 424 4
593 90 0
305 765 1
700 10 1
56 130 3
862 690 3
15 305 1
246 679 2
308 352 1
302 325 2
148 609 1
849 385 1
787 20 0
362 127 2
379 434 2
401 673 1
444 838 2
314 721 1
334 34 1
257 782 1
365 286 1
915 549 2
249 839 0
449 424 0
563 274 2
426 74 2
821 576 1
764 986 2
993 681 1
449 347 0
677 586 3
115 40 1
83 990 4
128 983 2
632 238 0
416 266 2
441 966 3
379 957 1
506 499 2
44 747 2
587 97 3
254 335 1
100 206 4
644 259 1
221 495 3
760 151 3
330 368 2
207 320 2
836 321 4
433 416 4
583 232 1
941 15 4
755 412 1
943 8 2
518 360 2
380 538 1
466 10 2
389 769 2
540 123 1
625 149 4
890 50 2
0 669 4
995 165 1
301 330 2
478 294 2
816 923 0
31 614 4
594 864 3
431 868 4
100 168 3
330 65 3
123 130 4
639 381 2
918 665 3
399 536 1
856 678 3
52 481 1
349 83 0
915 631 2
996 269 1
279 840 1
56 688 0
334 784 3
788 566 3
913 351 2
311 264 3
513 846 3
799 20 0
763 315 3
571 704 1
279 451 0
916 118 0
790 781 0
274 541 4
393 158 4
674 23 0
699 614 3
754 612 4
988 610 2
10 453 0
727 902 3
25 329 0
469 60 1
506 360 2
868 104 1
853 479 0
136 950 1
932 482 2
753 207 0
438 659 2
956 765 0
352 364 0
570 683 2
987 46 0
249 70 3
544 772 2
198 56 3
434 595 1
673 777 1
898 671 0
348 783 1
91 503 4
521 152 3
376 518 2
456 463 2
650 640 2
443 752 1
309 653 0
220 841 2
262 376 2
778 523 3
946 280 1
582 457 2
225 392 0
559 528 3
280 757 0
234 997 1
504 425 2
58 753 1
713 954 2
468 171 2
753 504 3
642 92 3
425 151 4
70 603 3
603 786 3
97 959 2
203 878 1
144 122 2
67 512 1
616 722 4
705 157 2
736 584 2
695 618 2
312 52 0
550 121 1
699 721 0
801 700 0
459 81 2
426 267 1
183 594 0
634 223 1
841 238 3
780 291 0
662 860 2
399 96 2
347 577 1
162 617 4
210 141 3
395 395 3
344 75 2
636 716 0
256 329 4
478 364 3
743 315 1
473 69 1
728 18 3
460 758 0
456 165 1
283 287 0
295 566 2
96 867 4
692 282 3
143 691 1
800 460 4
933 777 2
854 969 4
213 713 3
908 949 1
500 399 3
935 665 3
242 585 2
867 127 1
747 657 1
466 36 4
950 419 2
279 205 3
461 352 0
321 807 0
618 915 2
71 761 2
856 489 2
981 313 2
475 386 4
485 895 3
874 820 2
640 665 0
949 838 4
523 265 2
871 651 1
263 234 0
896 886 0
354 590 3
668 184 3
742 566 1
783 363 1
461 715 0
113 636 2
867 432 0
645 570 4
807 451 3
387 430 4
335 795 4
539 210 3
863 456 4
166 626 0
380 996 4
808 245 3
903 446 0
866 922 0
558 256 0
859 215 1
536 869 1
422 9 1
439 291 4
643 474 4
506 9 4
745 636 4
657 84 2
600 663 4
576 77 0
579 336 0
228 545 0
426 320 0
701 985 4
433 709 0
152 254 1
626 961 2
713 123 0
472 235 4
766 291 1
388 998 3
94 596 4
236 493 0
953 594 0
557 399 3
170 346 1
547 177 1
190 594 0
390 73 0
194 108 1
444 695 0
778 373 2
212 585 4
218 101 2
615 376 2
632 717 2
970 411 0
42 97 3
940 603 1
332 807 1
173 893 4
82 251 1
700 75 1
86 382 3
695 603 4
208 203 1
529 257 4
180 988 4
153 10 0
640 678 4
158 26 1
104 693 0
846 775 0
621 90 0
693 791 4
690 433 2
281 821 0
544 615 3
624 71 2
329 426 2
120 349 1
811 306 3
557 884 3
78 19 3
275 260 2
220 587 4
999 796 2
613 68 3
397 912 2
204 668 3
128 988 1
175 795 1
685 500 2
966 277 3
51 825 1
293 349 2
197 147 4
240 361 0
14 829 1
384 841 1
736 787 3
586 755 3
574 465 1
621 480 0
303 934 3
517 890 2
253 418 1
690 617 3
633 835 3
988 477 4
878 78 0
588 442 0
225 632 1
822 316 0
507 431 4
177 959 1
649 300 1
540 413 4
159 998 0
667 208 2
739 493 0
986 581 2
706 171 1
743 846 1
952 531 2
157 862 1
90 706 3
717 342 1
544 871 0
414 995 1
47 281 4
485 411 0
695 968 1
779 53 1
816 542 2
954 909 0
761 544 1
392 950 0
710 150 0
377 215 1
70 412 2
331 475 2
507 668 1
970 821 2
719 771 3
795 116 1
249 127 2
733 567 4
525 924 3
406 131 3
121 334 3
711 383 4
429 881 3
700 667 3
495 542 0
883 905 1
558 298 1
185 365 4
183 638 2
292 613 2
186 54 4
115 914 4
19 461 2
540 229 0
134 614 3
884 189 4
628 50 2
603 23 4
166 152 0
635 935 2
352 4 1
877 255 3
644 157 3
981 903 0
152 993 0
25 677 1
236 319 0
193 328 1
327 190 2
544 760 4
214 406 4
457 447 4
900 850 1
553 275 2
511 113 2
717 763 2
550 81 3
685 554 2
576 659 4
176 128 2
897 395 1
61 571 4
50 21 4
388 362 3
985 247 3
293 114 4
265 753 3
712 91 0
472 73 3
103 83 4
463 544 4
772 265 3
866 525 0
645 224 3
938 310 4
640 640 4
953 99 0
458 210 4
8 504 4
794 611 3
627 126 1
330 391 2
966 20 4
352 274 3
386 80 4
650 331 2
415 848 4
753 478 2
214 366 4
776 400 2
218 789 0
755 92 3
958 292 0
437 733 2
270 19 1
42 103 0
388 991 4
189 744 3
834 548 3
125 528 0
348 969 3
838 917 2
139 463 3
389 3 3
490 301 2
819 7 0
486 698 3
709 190 0
405 129 2
347 962 1
653 812 2
352 569 3
860 597 0
12 410 2
694 671 4
623 999 0
358 989 3
900 994 0
140 604 1
339 59 2
599 3 2
299 953 1
693 326 0
342 958 1
206 704 0
806 242 3
564 680 0
135 652 4
278 426 3
608 702 0
23 638 3
556 456 3
299 908 2
374 805 0
958 421 1
78 333 2
40 570 1
682 653 4
157 468 4
933 472 0
226 318 0
856 581 0
475 748 1
680 871 0
590 421 4
58 900 0
427 251 3
790 46 1
109 19 2
949 820 3
855 594 3
505 407 3
504 413 4
553 880 2
859 128 4
802 985 3
307 558 0
688 573 4
659 185 1
77 915 0
660 228 3
92 695 3
187 44 0
303 432 3
78 676 2
830 886 4
359 991 0
524 973 1
771 945 1
151 69 2
50 661 3
68 89 4
221 66 3
315 599 3
247 138 0
927 873 0
516 475 4
984 588 2
65 999 3
542 152 3
36 440 0
807 771 1
939 811 1
305 626 4
490 111 4
845 107 1
633 393 0
330 42 2
700 459 3
102 578 3
681 565 3
263 147 3
570 497 1
994 946 1
461 599 3
951 531 1
49 9 1
329 420 3
297 995 4
47 951 4
973 866 3
165 767 4
806 426 2
174 338 3
17 128 1
652 314 0
292 804 2
577 772 2
606 862 1
54 875 4
723 953 3
293 633 4
755 645 1
449 652 1
305 66 0
217 25 3
116 908 4
950 10 4
25 524 1
699 922 0
686 823 1
783 511 4
830 932 2
251 112 1
942 923 1
83 235 1
635 752 1
932 486 0
746 203 3
502 779 2
405 77 4
116 394 1
397 80 3
41 706 1
273 882 4
973 407 1
492 691 0
541 793 1
20 821 0
67 37 2
106 923 1
255 976 1
262 138 3
703 645 0
989 917 2
306 366 0
34 756 1
861 184 2
649 467 1
838 771 4
28 91 1
617 610 2
446 769 0
935 224 1
846 813 0
23 123 3
268 138 2
62 760 0
141 112 2
329 680 1
238 427 2
530 0 2
143 244 0
466 612 2
196 562 1
19 771 1
670 757 1
7 611 1
253 902 3
864 680 0
485 918 4
187 988 0
724 743 2
431 473 1
263 927 4
250 741 4
642 532 1
936 137 0
965 844 0
244 831 3
201 219 3
305 724 1
968 687 4
146 377 3
643 676 3
581 137 0
548 316 3
218 906 3
260 122 1
675 267 2
456 971 1
801 971 3
14 57 2
261 825 3
252 70 2
235 279 3
257 972 3
212 769 3
242 305 0
936 899 4
877 279 0
718 131 0
46 852 1
750 613 3
267 787 1
14 270 1
666 569 2
157 599 3
758 383 2
567 247 4
298 34 3
2 944 3
244 759 0
836 867 4
422 42 0
12 707 1
742 56 0
635 465 2
322 622 1
962 650 0
686 522 1
532 222 3
835 737 3
136 159 0
469 264 1
188 329 3
484 50 1
112 576 0
704 390 4
369 8 4
810 67 4
516 697 0
271 782 0
303 826 1
862 762 3
577 103 3
953 57 1
777 455 4
837 137 2
968 425 2
627 91 0
416 97 3
718 65 0
100 469 0
701 264 2
657 25 1
576 197 2
553 957 2
968 749 4
923 594 3
320 367 1
594 159 2
442 117 1
158 665 4
231 80 3
193 255 1
249 546 3
848 256 4
253 4 3
899 933 0
534 898 1
589 908 4
144 53 4
558 212 4
296 629 3
718 66 0
656 269 0
538 291 3
892 292 1
336 553 1
949 820 0
120 177 2
611 256 3
585 209 3
192 545 3
811 604 0
700 302 4
618 955 4
932 342 1
793 332 3
594 654 4
182 784 0
633 36 1
668 419 4
107 678 2
840 551 1
538 750 1
746 701 2
412 572 4
980 236 1
283 32 4
533 152 4
607 44 2
927 295 2
34 776 1
801 459 4
95 751 4
264 72 2
337 368 1
525 281 4
983 107 0
272 938 1
826 541 3
622 243 4
140 756 4
508 472 0
974 828 0
804 245 2
755 266 1
666 524 1
247 671 3
585 381 4
988 810 2
279 575 1
622 706 1
749 143 4
932 289 2
813 383 1
152 624 2
277 970 2
862 522 2
254 138 3
572 19 2
618 469 0
105 357 3
625 25 4
532 615 0
671 916 3
292 886 2
566 666 2
140 734 4
214 981 1
563 416 3
755 5 2
794 617 0
341 712 3
273 732 0
478 979 1
795 639 3
608 89 0
598 871 0
720 395 1
43 567 0
849 887 3
709 200 4
218 176 0
568 453 1
959 575 0
606 597 0
768 572 4
528 886 3
109 343 0
751 676 1
958 720 3
415 86 1
945 537 4
251 716 1
371 865 4
885 196 3
667 469 3
936 889 2
996 799 3
893 607 4
618 588 3
556 98 2
325 671 0
677 822 1
782 164 0
460 60 3
320 60 2
292 63 0
86 444 3
800 805 1
50 547 3
454 151 0
333 182 2
828 146 0
512 391 0
899 499 2
978 604 4
6 511 3
264 327 4
314 33 0
690 520 0
482 741 4
957 345 4
661 577 1
561 917 2
297 78 2
791 831 1
498 971 1
173 522 3
799 241 3
128 589 0
398 228 2
789 710 4
44 995 1
459 206 4
128 643 0
284 302 3
647 381 4
440 983 4
742 192 4
718 434 1
674 973 3
707 978 4
36 612 0
763 834 1
679 717 4
234 299 4
370 621 2
147 502 2
873 109 2
157 436 0
766 311 0
458 92 3
828 821 2
218 617 2
495 878 2
909 459 3
52 704 3
87 927 0
714 763 1
366 546 3
277 875 2
354 814 3
881 549 0
996 699 2
676 739 4
518 704 3
304 247 0
889 162 0
751 682 2
842 949 2
331 595 3
986 391 1
289 239 2
390 531 0
845 271 4
497 489 3
235 189 2
219 911 3
833 247 0
966 172 1
129 929 4
578 715 0
149 121 3
242 77 4
87 712 4
390 69 2
451 484 2
447 696 0
117 663 1
3 956 0
109 362 4
722 342 3
74 448 2
13 876 2
882 890 0
676 982 3
376 576 1
976 274 0
197 808 0
613 293 2
516 140 4
562 351 3
753 149 1
439 467 3
79 883 3
626 282 4
674 273 1
496 663 0
512 286 3
358 90 4
294 878 0
178 23 0
550 56 3
606 848 1
529 838 3
238 667 2
151 101 0
706 638 3
123 80 3
942 915 3
457 796 2
276 743 4
685 640 2
722 461 4
390 276 4
993 285 2
770 600 4
858 152 2
192 20 2
36 188 4
901 29 2
459 83 1
959 954 4
181 512 4
771 396 0
61 7 4
312 77 1
171 190 4
454 953 2
904 368 0
981 82 3
278 600 4
163 206 3
289 885 0
558 709 3
892 803 4
649 979 1
902 568 2
65 255 4
681 242 0
430 285 0
229 322 0
985 863 2
354 511 0
442 982 1
184 769 4
631 6 2
816 677 2
258 642 3
823 680 4
672 540 2
861 975 3
432 282 4
391 195 2
501 854 2
359 134 0
941 50 3
483 653 0
737 524 1
584 802 4
784 691 1
947 730 4
715 955 0
795 730 4
412 869 1
971 963 3
671 285 4
198 825 1
694 275 4
40 988 1
264 770 3
806 236 0
980 194 3
86 407 3
884 630 3
45 932 4
489 624 4
311 982 2
812 144 3
384 296 3
636 597 4
792 624 2
339 411 1
198 111 2
295 269 1
906 335 1
113 194 0
236 728 4
532 484 3
88 523 3
664 967 3
658 935 3
176 396 2
75 528 2
497 249 2
544 90 0
384 538 4
995 866 3
95 506 2
567 188 3
438 907 2
577 175 4
839 801 0
809 845 4
32 821 4
529 95 0
80 829 2
459 831 2
460 283 2
99 445 1
380 537 2
883 724 4
777 792 0
592 612 3
573 791 3
265 544 4
532 548 0
217 642 0
475 785 2
605 285 4
51 907 3
413 4 1
511 625 2
483 576 2
97 380 1
59 577 1
600 9 0
6 317 3
561 382 0
523 348 1
246 839 3
520 724 0
961 783 2
256 959 1
153 246 3
211 47 1
829 13 2
53 809 2
320 144 1
533 156 1
36 190 4
236 623 0
322 587 3
221 611 3
119 517 4
657 887 0
129 437 1
65 805 2
135 220 0
197 246 3
994 614 1
884 920 2
115 569 4
91 993 3
860 139 3
498 59 4
91 575 0
315 525 1
815 281 0
867 713 0
651 28 0
373 488 2
474 58 0
195 950 3
813 455 0
627 613 0
287 340 2
692 315 3
682 216 1
360 121 4
891 284 0
656 505 0
559 746 2
811 218 0
955 246 4
978 697 2
996 642 2
449 466 0
886 428 1
123 223 1
793 92 3
680 486 0
184 131 4
349 608 3
430 746 4
363 638 4
55 825 3
470 108 0
373 637 3
156 614 0
14 972 1
158 24 3
704 228 1
437 193 1
280 39 4
97 303 3
137 684 4
431 749 1
672 403 3
502 760 0
989 46 3
386 934 2
891 787 4
722 463 4
93 921 2
163 715 3
587 751 1
969 597 2
875 673 2
611 100 0
915 923 3
398 802 0
247 113 0
588 990 1
760 29 4
957 396 0
121 306 3
58 392 1
423 48 0
498 876 4
513 747 3
748 629 2
323 364 1
821 111 4
190 79 2
270 581 0
237 712 0
161 45 2
238 920 2
104 835 4
689 692 0
53 529 4
568 432 3
572 419 3
466 289 0
358 493 1
537 305 0
341 371 0
999 540 4
900 325 1
29 237 2
613 674 0
66 423 2
839 948 3
113 589 4
293 981 3
115 779 4
274 82 0
798 798 2
525 667 3
784 56 3
924 20 4
382 597 1
609 409 1
446 866 0
731 334 4
182 600 4
383 213 2
536 905 1
363 79 1
433 323 0
979 329 3
872 567 1
675 554 4
157 972 1
524 56 0
644 402 3
241 834 1
118 83 4
670 17 1
973 822 0
896 814 2
859 240 0
389 989 1
458 715 0
813 698 4
305 809 0
204 354 2
516 677 3
119 314 0
255 854 3
407 306 3
411 599 2
257 240 4
745 765 0
381 615 1
384 337 4
917 544 3
514 661 0
484 609 1
985 217 1
54 857 1
294 414 3
470 950 3
838 69 0
733 397 1
512 278 0
704 836 3
793 943 4
25 144 4
582 34 2
221 279 3
438 577 1
773 131 2
783 454 4
302 477 1
287 263 2
824 812 4
805 884 0
285 188 2
594 33 0
478 896 2
101 521 4
86 839 4
858 496 4
533 125 1
851 428 0
366 160 2
81 57 1
920 920 4
461 952 0
386 711 2
952 106 1
727 708 0
639 661 3
692 201 0
209 181 3
926 85 1
408 803 0
715 556 4
540 641 2
952 285 4
285 959 1
996 711 2
651 804 3
968 833 2
393 599 3
359 276 2
321 32 2
799 246 1
740 829 3
712 598 0
710 510 4
657 267 0
284 132 1
858 3 0
63 848 3
820 118 1
646 323 1
379 166 3
332 889 3
56 107 2
589 345 1
447 78 1
465 812 3
141 768 0
730 27 3
832 673 2
714 326 2
20 816 3
932 595 3
80 880 3
211 869 2
649 967 2
799 688 1
25 235 0
457 111 0
831 258 0
730 395 0
540 584 2
169 152 0
543 640 4
947 700 2
679 436 2
397 113 0
949 587 2
778 422 1
687 897 2
365 855 2
601 86 0
562 800 1
573 795 4
732 703 2
659 403 3
661 283 4
394 592 0
953 700 0
744 551 3
301 590 2
606 670 2
196 581 4
2 810 0
501 146 2
388 873 2
224 361 0
280 63 1
509 958 3
200 960 0
301 961 0
824 68 3
642 321 3
118 597 0
117 494 2
459 124 0
639 675 4
888 184 0
838 723 0
82 17 4
431 840 0
673 52 2
806 50 2
944 722 2
223 516 4
543 427 4
493 823 4
363 928 1
368 697 4
558 713 2
175 91 4
149 160 1
702 252 4
645 812 0
770 263 2
526 381 0
742 387 1
415 613 4
538 844 1
319 947 1
544 743 1
883 550 3
496 488 3
493 159 4
464 874 2
809 515 4
980 509 2
644 178 3
214 528 1
842 166 1
576 716 3
254 315 4
221 145 4
10 993 0
573 654 2
342 975 1
786 645 2
167 674 0
485 286 0
309 577 3
602 770 4
560 283 0
995 169 0
264 583 3
793 244 3
934 62 3
555 197 4
462 779 0
167 155 1
879 224 4
388 815 1
18 52 2
206 874 1
570 757 0
21 769 3
480 863 0
434 891 1
717 835 3
75 231 3
148 239 1
735 394 2
502 367 4
957 541 1
724 509 1
571 919 3
37 386 3
728 905 1
468 565 4
22 564 3
19 979 1
909 760 4
600 20 3
540 7 0
784 339 4
548 944 1
492 34 3
568 988 1
389 735 3
871 480 3
545 48 3
216 572 3
770 755 2
30 551 0
963 133 3
949 564 1
77 236 2
928 337 1
632 780 2
799 228 4
998 397 0
656 682 1
816 474 2
251 485 0
929 469 4
831 774 0
80 660 2
271 442 0
289 865 2
119 805 1
766 22 4
211 417 0
353 885 0
267 371 1
766 806 4
357 1 2
250 564 2
317 132 2
48 245 1
60 998 3
106 508 2
339 765 2
263 75 0
487 222 3
782 502 1
424 261 0
454 292 2
582 725 0
690 609 0
943 407 1
819 791 0
700 911 2
482 357 1
407 897 3
686 311 0
673 123 1
295 566 1
413 221 3
645 645 0
613 153 4
722 219 0
467 459 0
425 130 4
350 334 2
828 222 0
123 730 4
698 481 1
392 788 4
904 378 2
604 393 4
695 410 4
319 3 0
526 350 0
336 480 0
46 180 1
391 996 2
810 453 4
818 963 1
761 334 1
145 936 1
940 107 1
759 851 2
704 368 2
539 146 3
363 98 0
936 228 0
849 25 2
853 967 4
65 939 0
378 487 3
599 237 0
971 835 3
170 681 3
287 716 2
588 888 1
353 196 2
859 551 3
209 633 4
64 684 2
764 538 2
191 167 0
862 505 4
749 941 1
809 234 0
920 729 0
1 394 1
254 988 0
422 234 2
372 994 3
686 955 2
327 856 4
411 853 2
649 250 2
35 762 4
201 709 4
206 629 2
703 482 1
762 421 2
401 526 2
246 711 0
894 534 2
916 359 4
368 871 1
684 930 4
702 512 0
726 505 4
76 92 0
202 57 0
189 546 2
949 255 0
715 31 1
200 975 4
527 353 1
464 892 0
554 299 4
900 237 0
156 201 4
599 321 4
968 365 4
894 931 1
597 466 0
848 152 0
644 125 1
605 120 3
727 849 0
765 602 2
489 291 4
797 658 1
46 558 0
672 866 0
210 103 0
595 254 0
385 603 2
441 946 3
854 915 1
38 443 0
361 725 0
489 2 0
403 110 3
351 496 0
625 789 1
955 474 3
281 795 4
499 970 2
643 224 4
406 293 4
501 306 3
489 458 2
801 362 4
370 780 3
185 266 0
961 272 1
563 68 3
636 208 2
682 858 4
70 854 2
812 963 3
183 94 4
443 698 2
115 329 0
507 732 4
402 923 0
410 858 0
657 791 0
294 256 4
981 772 1
679 206 1
208 357 2
779 583 2
725 554 0
781 410 4
907 533 3
926 808 2
660 396 1
856 665 4
413 878 0
586 978 1
408 527 1
123 113 3
24 684 3
650 285 1
342 746 2
459 737 1
265 0 3
656 714 2
534 624 4
459 257 1
423 809 1
614 821 0
52 667 2
610 559 0
196 538 3
151 181 3
659 451 0
375 930 4
642 442 0
698 535 2
460 920 4
457 654 4
385 610 2
758 488 2
552 497 3
422 64 2
680 888 1
520 861 2
579 571 4
685 875 4
884 16 2
41 754 4
348 480 3
160 847 2
392 892 4
569 325 0
13 188 2
575 833 4
590 375 4
350 316 1
189 459 1
799 468 0
573 56 0
236 107 3
72 551 0
167 296 0
503 606 2
685 17 2
239 140 3
941 634 1
385 435 0
115 518 1
114 596 1
449 10 2
561 913 2
863 223 4
731 894 0
640 875 1
536 544 1
747 210 3
550 36 0
508 153 1
442 184 3
734 698 4
799 123 3
98 309 4
942 645 0
436 517 3
565 230 4
12 371 3
952 577 4
19 924 0
587 871 1
615 740 1
358 405 4
550 752 3
386 54 4
732 477 0
316 437 1
59 917 0
460 579 0
654 317 4
890 763 3
246 687 2
771 939 0
829 513 4
948 387 4
59 551 0
608 834 0
322 74 2
591 380 2
829 667 2
427 213 3
623 83 4
660 40 0
399 222 1
184 218 4
654 437 1
436 203 4
668 996 0
938 887 0
550 729 0
397 724 2
926 903 3
191 331 1
803 198 3
251 388 2
39 431 4
341 961 1
813 248 0
891 313 4
968 573 1
249 688 2
860 562 1
396 637 4
247 974 1
984 52 0
124 366 3
34 171 2
239 912 2
457 694 2
567 880 2
547 618 0
236 122 2
108 368 4
127 441 2
98 738 4
767 421 3
182 917 4
928 970 1
834 57 0
752 554 2
958 387 4
825 250 1
361 881 2
371 15 4
86 942 0
980 108 1
645 109 0
588 129 4
437 810 2
492 632 0
432 78 3
32 660 1
189 465 2
85 566 0
612 83 1
440 383 3
199 621 4
833 49 3
992 317 3
451 803 3
153 318 3
547 516 1
115 621 1
77 527 2
265 972 3
539 709 2
436 384 3
2 264 4
83 711 2
336 830 3
927 943 2
105 708 3
298 52 4
498 100 0
645 99 4
608 682 4
483 14 2
472 392 0
164 539 4
181 432 3
81 950 2
55 286 4
988 760 2
235 614 2
367 170 3
641 399 4
572 516 4
346 84 1
831 663 4
756 209 0
971 159 4
168 34 1
977 943 4
787 520 2
0 751 1
819 571 4
459 448 1
191 702 2
429 400 0
930 48 1
36 525 2
955 207 0
695 756 1
821 418 3
987 526 1
823 503 0
419 716 0
928 317 4
142 490 0
123 642 4
645 592 2
322 360 0
200 675 4
477 346 3
131 312 2
370 26 2
307 521 0
12 909 0
287 913 2
750 728 2
917 485 3
895 544 2
712 326 1
66 345 4
887 180 3
917 82 2
258 770 2
399 387 3
589 865 1
437 228 2
34 690 3
102 131 2
93 967 0
357 113 1
788 426 2
832 98 1
223 21 2
152 941 3
167 552 0
328 497 1
345 34 2
486 48 1
572 176 0
541 755 1
909 683 1
541 567 4
148 238 1
882 615 3
195 132 2
936 836 2
599 135 3
563 626 0
717 528 0
737 872 3
697 287 1
597 231 4
19 316 2
582 721 2
284 200 2
687 649 3
731 357 2
987 285 4
27 918 1
35 840 3
787 0 1
300 778 4
463 660 0
140 184 1
343 489 2
471 18 0
499 966 1
621 89 2
971 243 3
144 981 2
613 888 3
692 320 2
984 506 0
830 557 2
572 508 3
637 403 3
243 679 0
671 69 3
953 390 2
940 292 3
243 739 1
737 960 0
250 764 2
650 796 2
794 947 1
240 386 2
445 266 0
603 850 4
130 743 3
677 369 3
830 239 2
701 577 2
600 375 3
28 825 3
486 886 2
779 946 2
687 511 1
654 925 2
765 702 1
709 786 2
145 577 3
95 9 4
842 865 4
94 619 1
368 791 2
133 414 0
893 69 2
418 268 1
327 5 1
349 563 1
343 569 4
631 680 4
430 494 2
583 732 2
118 402 2
598 729 0
451 2 4
445 647 1
593 573 1
730 530 3
90 73 2
944 363 2
731 283 2
816 918 2
671 108 1
70 31 4
768 688 2
381 961 2
802 891 4
48 48 2
521 525 3
564 715 3
230 406 4
173 866 0
955 65 1
390 58 2
490 878 0
302 297 1
179 46 1
110 874 2
377 729 4
803 495 1
872 483 3
272 988 0
356 284 3
231 272 0
14 538 2
756 138 0
772 529 3
736 857 1
564 829 2
748 526 2
554 5 4
466 941 3
795 77 3
47 749 3
957 188 1
23 34 0
386 299 1
684 899 1
965 707 1
239 290 3
770 403 3
710 132 4
407 838 3
636 590 0
808 700 3
992 231 3
905 621 4
138 616 0
33 816 0
847 936 3
673 19 3
825 288 2
702 381 3
203 247 3
342 446 4
698 462 2
305 234 0
434 375 4
313 353 2
872 903 2
165 576 3
504 729 4
646 298 0
675 965 3
546 138 2
155 433 3
360 474 4
378 748 1
892 163 0
922 168 1
702 33 0
992 170 1
712 533 2
0 958 3
333 845 3
552 180 4
376 287 1
871 436 0
419 365 4
438 467 3
595 310 3
860 784 0
997 915 3
48 40 1
711 983 0
372 993 2
813 578 2
537 868 4
222 737 3
704 990 4
453 811 4
314 724 1
532 357 3
262 158 3
897 425 0
79 191 4
806 867 4
360 805 1
701 832 0
937 72 4
959 68 1
83 36 2
136 456 0
952 356 3
289 127 0
940 671 1
943 276 4
594 261 4
274 922 3
836 843 4
211 587 1
315 917 2
976 239 0
812 724 2
517 22 2
649 364 3
333 216 2
951 948 1
789 627 1
307 833 4
499 89 3
403 707 0
666 915 1
365 576 4
222 176 1
610 180 1
816 20 3
362 254 3
498 497 3
131 941 0
821 457 1
280 573 2
362 767 3
540 920 1
503 809 2
963 796 3
514 656 3
557 105 3
590 735 2
794 623 0
791 790 4
437 36 1
308 735 1
932 762 0
831 658 1
276 963 1
522 737 3
757 213 0
558 172 0
826 260 4
196 182 4
531 583 2
260 304 4
251 942 1
382 101 3
423 255 4
610 880 4
107 961 0
964 588 3
521 838 2
361 296 0
907 74 3
428 23 3
59 875 0
677 720 3
192 862 4
1 828 3
239 808 1
593 782 3
398 598 4
979 432 4
717 580 3
627 411 4
305 66 3
903 185 2
899 830 4
746 862 2
967 668 4
503 49 4
958 157 2
272 605 4
328 14 1
338 650 2
329 516 0
22 60 2
969 138 0
277 999 4
754 588 0
94 442 2
664 984 0
516 73 0
891 268 1
825 534 4
34 564 0
189 640 2
24 240 4
362 479 3
333 750 3
721 800 0
183 762 1
28 925 3
556 935 0
576 727 0
473 65 4
474 551 2
270 66 0
730 936 4
83 859 1
880 740 3
408 184 1
791 525 2
174 941 1
367 723 0
215 325 1
455 106 4
728 124 2
285 901 4
753 199 4
401 501 2
383 540 4
858 836 1
555 28 1
146 180 4
724 296 3
587 977 2
595 176 4
350 416 3
797 746 0
616 889 1
843 349 4
90 344 3
444 66 0
119 632 0
957 67 2
3 540 2
604 511 4
424 885 0
313 327 0
402 175 1
676 383 1
732 187 0
129 986 1
957 837 0
473 455 2
232 926 3
706 134 4
686 921 4
353 596 1
464 587 2
802 589 4
14 355 4
529 81 2
144 260 4
642 688 4
905 207 2
448 891 0
77 226 0
529 915 1
732 953 0
71 104 3
452 896 3
593 165 3
14 61 4
293 843 4
624 414 0
688 916 4
178 275 0
341 185 3
438 239 2
745 424 2
613 578 0
659 367 0
547 630 3
564 867 0
150 937 3
490 824 0
805 244 3
194 215 0
121 965 1
781 702 0
492 534 4
829 748 0
94 781 1
977 575 0
256 324 2
87 66 0
978 684 1
862 98 0
185 66 0
966 510 4
211 715 0
691 451 4
864 105 3
322 95 1
759 274 4
385 250 4
818 428 0
47 314 4
289 606 0
958 24 3
275 865 4
598 562 1
513 307 1
279 911 3
965 427 3
385 161 4
17 916 1
86 717 3
896 432 2
368 170 3
647 436 2
145 429 4
793 200 0
854 883 2
245 448 3
470 155 1
153 225 4
326 614 3
113 953 0
546 928 3
227 986 4
763 686 2
680 849 3
330 316 0
251 226 2
884 402 2
244 805 4
624 350 3
992 961 2
872 272 1
116 582 2
584 299 3
621 229 4
636 143 1
309 321 3
529 305 2
526 906 4
307 842 2
102 465 3
668 806 0
106 182 1
519 181 1
630 970 0
2 182 2
412 554 0
900 250 4
95 905 1
919 883 0
831 500 4
387 774 3
655 48 3
83 603 2
122 566 2
680 442 1
91 236 4
518 47 1
31 86 0
723 154 2
522 462 3
305 167 3
829 935 3
223 91 4
959 816 4
231 2 4
95 289 0
290 327 3
2 96 3
695 897 1
86 548 4
186 694 0
649 815 2
805 550 4
886 785 3
635 808 3
388 778 4
712 638 4
985 725 0
887 392 0
633 962 1
992 523 4
210 228 3
565 347 4
655 451 4
394 800 2
449 799 1
846 397 1
52 77 2
216 141 3
276 485 3
381 680 3
532 906 1
287 565 4
897 394 1
34 925 0
161 422 3
770 550 3
673 402 3
840 570 4
792 474 4
126 565 1
666 676 1
866 997 3
828 951 4
118 973 4
562 279 0
276 123 4
319 491 1
236 916 4
79 700 2
434 383 1
414 920 3
275 131 1
362 881 0
221 957 4
450 475 2
864 866 0
402 588 3
347 321 3
488 427 1
449 3 4
405 906 4
822 341 1
84 149 4
481 752 2
634 418 2
384 821 1
224 604 1
610 645 3
743 348 1
791 258 0
231 596 1
804 39 0
464 594 3
828 641 2
428 715 1
86 953 0
173 952 2
236 171 1
718 505 4
511 247 1
542 692 0
647 894 4
511 651 0
31 984 4
67 168 1
641 82 1
65 824 0
802 199 2
469 682 2
731 295 2
214 639 4
618 996 1
692 681 1
858 683 4
329 115 1
345 188 0
243 873 1
511 360 2
749 860 0
308 890 2
751 984 0
271 885 4
490 204 3
102 372 2
842 487 4
39 258 4
873 327 2
273 246 2
967 807 1
125 443 1
385 591 2
836 662 0
742 276 2
383 506 3
135 375 0
44 208 1
26 869 2
305 758 2
848 835 2
481 328 3
15 958 4
296 948 0
588 156 2
959 264 3
254 560 3
606 176 2
491 151 1
452 382 3
823 239 0
690 516 4
532 547 0
194 659 0
696 19 0
958 384 2
559 876 3
593 22 4
509 712 4
306 520 1
151 873 4
483 826 2
599 688 4
500 55 1
603 654 3
189 516 3
902 542 4
685 734 0
574 573 0
582 460 0
443 345 4
186 955 3
437 201 2
875 37 3
426 992 0
282 344 1
716 880 0
299 818 2
49 657 3
477 861 1
243 469 1
42 561 3
616 707 1
950 904 0
182 657 2
143 963 3
314 337 4
890 592 2
395 775 3
491 537 4
944 942 4
355 22 3
55 232 1
580 606 0
120 999 3
211 882 3
886 161 0
337 886 4
617 182 1
236 268 4
510 645 2
820 932 3
699 466 4
759 890 0
468 948 1
616 108 4
690 757 3
204 451 3
193 648 4
617 647 1
364 1 1
398 677 3
373 351 0
825 404 2
196 16 0
370 795 0
375 365 0
519 461 1
671 491 2
868 386 1
769 831 4
97 417 1
297 696 3
376 73 1
513 984 2
622 995 4
307 15 0
413 377 1
264 994 1
594 743 4
660 257 3
308 200 3
975 401 3
427 800 1
727 594 1
471 63 2
128 845 3
208 410 0
534 177 3
61 903 4
181 502 4
151 548 3
777 919 2
81 722 4
963 994 2
777 383 3
45 336 3
878 39 3
971 659 3
926 663 2
338 164 3
710 462 4
4 743 0
355 471 1
118 426 0
919 658 0
658 130 2
583 247 2
375 105 0
541 938 4
965 218 2
214 291 1
186 18 1
822 717 2
594 916 2
228 629 1
227 86 3
703 190 0
269 201 4
117 694 4
226 274 3
678 863 3
696 498 1
922 498 0
569 503 0
686 776 2
539 329 0
745 870 2
331 851 3
658 440 2
571 56 2
8 34 2
85 899 1
732 109 2
568 494 3
352 416 2
405 731 0
255 11 2
56 328 2
901 591 4
457 180 3
360 741 4
74 410 4
593 761 4
879 611 2
987 326 0
213 573 2
449 902 1
253 445 3
965 34 2
879 225 1
918 972 3
546 194 1
799 287 1
456 230 4
925 784 0
552 796 2
431 847 4
16 483 3
503 119 0
492 807 0
969 941 4
161 318 1
273 138 3
144 431 0
333 746 4
375 354 2
445 262 1
92 780 1
587 627 2
363 786 2
791 888 0
123 226 2
931 981 3
615 72 1
614 589 2
739 497 4
661 162 3
22 655 0
914 566 1
154 120 4
554 782 3
762 128 0
639 4 1
427 897 4
804 15 0
544 520 3
644 678 2
721 195 1
992 219 3
759 642 3
716 286 1
17 83 2
12 439 3
947 977 3
960 110 4
97 67 4
951 596 2
282 843 1
856 612 0
879 952 0
997 39 4
741 79 1
589 219 3
890 81 3
849 543 1
904 506 4
356 862 2
141 39 2
31 914 2
181 647 0
475 382 3
150 746 2
727 216 4
577 955 0
548 372 4
232 936 4
9 122 3
134 897 4
277 90 2
978 884 2
13 52 4
845 161 2
530 192 3
220 192 0
600 600 1
227 981 2
538 160 4
269 69 4
953 178 0
591 530 4
749 421 4
65 145 4
10 46 4
740 677 4
948 522 3
454 458 2
898 911 3
96 905 4
85 9 2
631 235 0
394 337 1
83 933 4
33 72 1
381 458 3
31 108 3
535 908 0
226 904 4
383 628 4
862 598 1
182 584 1
673 978 1
904 512 4
248 67 3
416 925 1
75 98 4
868 154 0
209 813 4
864 851 0
390 934 0
76 775 1
433 728 3
726 271 3
379 625 4
505 80 3
188 52 4
612 567 1
378 323 3
615 627 1
569 197 2
900 359 1
831 633 2
834 600 3
461 249 1
764 86 1
822 482 2
223 280 1
624 682 3
174 63 3
941 557 0
164 202 2
391 421 0
897 723 4
506 350 4
245 31 2
583 243 3
382 454 3
150 938 4
827 436 3
389 561 4
260 609 4
672 402 3
472 11 3
738 881 0
211 212 3
712 564 3
812 438 4
19 194 4
681 601 0
666 377 2
668 372 1
29 62 3
635 986 3
340 517 4
528 408 3
711 390 0
102 419 3
488 951 4
281 663 1
549 581 2
511 800 2
458 930 2
993 384 3
336 92 1
17 835 4
283 875 4
34 93 0
256 87 0
876 17 3
75 648 3
360 552 1
472 20 4
251 791 3
564 656 4
45 407 0
981 937 3
729 631 3
592 33 4
604 66 3
249 141 0
238 567 0
337 419 2
545 963 1
412 942 1
510 840 0
550 564 2
296 751 4
938 196 2
420 978 4
749 128 1
300 560 3
514 858 0
615 199 1
594 789 1
672 56 4
47 961 0
801 231 1
752 599 1
898 802 1
931 421 3
780 533 2
624 417 4
337 896 3
510 933 0
211 668 4
745 602 0
97 791 4
603 416 4
249 508 2
736 854 4
155 7 3
142 41 3
157 267 3
731 193 4
294 912 4
782 440 4
311 511 3
568 94 3
205 40 2
55 269 1
527 313 2
417 905 3
565 208 0
481 562 1
702 857 3
949 113 2
373 453 3
631 931 3
871 950 3
401 17 4
132 222 4
273 266 0
449 185 2
479 93 4
818 422 3
576 172 3
440 71 4
332 14 2
966 138 3
764 932 1
276 969 3
666 723 4
473 171 3
422 586 0
586 636 2
487 431 1
246 327 0
813 335 4
700 431 2
579 280 4
889 71 1
412 703 0
853 648 0
341 633 1
506 208 3
200 555 0
616 489 3
207 956 3
586 465 1
107 427 2
523 496 2
805 970 0
601 828 0
447 786 0
420 481 3
352 413 1
212 648 4
350 3 3
124 798 3
120 948 1
790 387 0
609 164 0
605 568 2
213 287 2
39 968 3
935 576 4
950 691 2
849 192 2
225 958 4
842 952 0
174 50 4
582 18 2
326 886 0
296 626 3
532 399 4
160 917 2
462 451 0
312 235 2
484 721 3
314 711 0
933 245 4
399 351 1
955 744 2
647 569 3
706 138 3
665 371 3
607 54 2
549 362 0
496 561 3
265 998 1
953 393 0
891 137 0
996 25 1
942 965 4
771 552 3
31 325 3
354 465 4
302 325 0
969 194 2
823 185 2
718 715 2
11 657 4
296 532 1
504 706 1
807 94 1
688 740 2
45 76 0
930 668 4
561 122 3
8 28 0
616 182 2
678 402 0
81 504 2
560 240 2
698 720 2
546 92 0
398 960 2
244 472 3
487 271 4
449 130 3
61 420 2
308 858 0
875 281 2
856 160 4
965 226 0
906 279 2
343 698 4
414 337 1
856 310 4
564 760 1
888 352 3
512 518 2
804 661 4
853 323 3
524 642 1
442 969 2
327 987 4
299 361 0
594 213 1
889 830 1
448 155 3
949 497 2
793 317 4
945 35 2
855 225 4
58 315 3
20 870 4
600 168 3
583 650 1
520 249 0
403 31 4
83 156 4
160 4 2
683 800 2
649 405 4
846 349 2
69 640 4
95 121 3
923 495 4
862 764 1
632 35 2
633 49 4
659 628 2
210 587 4
196 259 2
666 834 3
359 177 1
448 473 3
380 167 2
257 164 3
126 904 3
542 796 4
643 761 3
282 333 0
313 452 0
65 477 4
869 68 4
500 391 4
784 422 3
607 701 1
77 861 0
27 356 2
625 163 0
190 837 4
374 521 4
772 466 3
184 274 2
689 843 3
769 65 0
963 659 4
776 871 4
949 412 1
491 914 2
119 33 2
115 375 2
135 214 3
750 570 0
138 26 0
630 879 2
378 617 0
612 520 0
442 744 2
572 207 3
89 469 1
917 684 2
278 150 0
711 758 0
306 682 4
854 970 1
764 13 4
758 129 0
151 132 0
434 987 3
335 335 3
675 902 3
207 210 0
905 547 2
473 606 1
269 982 4
792 2 2
669 903 1
204 545 1
606 530 0
926 526 4
252 195 4
942 73 2
639 529 3
472 236 4
704 387 2
222 790 0
635 707 3
288 78 3
892 894 3
198 533 1
577 944 3
590 142 2
552 71 2
330 296 0
263 486 4
73 593 4
302 131 4
741 982 0
96 576 0
411 974 3
969 332 4
420 384 0
835 860 4
776 384 3
122 98 3
727 753 3
198 308 1
42 986 0
234 877 1
485 393 3
115 890 2
96 203 3
361 563 2
227 307 1
409 779 3
928 509 0
528 553 2
720 368 4
604 51 1
219 721 0
607 112 3
175 390 1
639 764 2
116 664 4
838 171 1
156 176 3
532 540 1
540 892 4
797 72 3
5 692 3
465 584 0
126 410 2
364 257 3
91 457 1
213 536 3
61 874 0
351 298 0
996 467 4
791 83 2
893 444 0
515 270 0
235 681 2
790 339 4
67 858 4
342 853 3
716 263 2
988 970 3
247 475 2
881 125 0
892 941 1
234 417 2
463 268 2
570 448 4
417 535 2
586 919 2
809 418 2
70 38 1
330 580 0
602 856 0
210 83 2
384 127 1
822 44 2
373 771 0
477 844 1
692 649 1
668 131 1
589 915 3
868 646 4
243 296 4
935 461 2
467 637 4
371 193 0
749 894 4
302 879 1
195 327 1
142 109 0
686 114 0
902 969 4
338 829 1
390 758 1
590 860 0
649 563 0
80 347 4
539 655 2
576 642 4
765 625 1
104 126 3
910 855 0
148 358 0
804 541 0
685 428 4
291 693 4
915 825 2
406 368 3
837 644 4
49 403 1
32 690 2
711 536 3
326 422 3
23 177 4
405 0 3
199 9 4
944 836 2
766 373 2
851 761 4
883 239 2
829 438 2
742 29 4
117 42 0
261 214 3
365 956 2
51 215 3
723 674 1
513 764 4
412 603 0
628 212 2
223 323 0
55 7 4
995 351 0
233 212 4
334 10 1
230 340 0
248 554 1
562 804 0
796 120 0
338 256 3
738 516 0
542 35 0
993 489 3
989 487 1
753 947 2
919 535 1
185 160 3
748 500 1
86 927 3
741 470 2
159 817 4
583 821 0
47 460 1
627 345 3
328 94 0
771 503 1
141 111 0
993 999 3
958 224 3
742 714 0
329 472 0
291 753 1
550 899 1
32 321 4
694 909 4
515 103 0
178 355 0
969 967 4
939 315 0
397 471 2
546 11 1
96 602 0
87 952 2
36 364 1
724 230 4
889 882 0
801 798 0
836 976 0
991 736 1
733 828 1
999 977 1
865 517 0
840 598 0
687 858 1
104 260 0
453 433 1
67 890 1
605 692 4
641 974 3
610 470 0
221 362 3
529 475 2
835 127 4
707 711 4
170 639 3
946 983 2
538 46 4
191 130 0
346 186 1
977 591 4
323 326 2
2 368 2
886 26 1
982 817 1
61 746 0
319 327 1
45 787 2
189 298 4
875 247 4
372 444 4
143 933 3
442 60 0
585 344 3
151 59 2
168 7 0
522 604 3
365 592 0
31 570 3
359 95 3
702 298 4
158 949 0
10 390 1
220 462 4
891 331 0
171 315 3
947 382 3
547 376 1
347 928 2
490 483 1
42 648 0
48 574 3
298 401 0
233 186 3
727 44 4
638 663 4
320 440 0
310 863 0
708 100 1
932 912 3
454 534 4
821 680 2
226 453 3
345 772 2
21 803 3
756 298 0
852 227 3
537 952 0
809 487 3
393 243 2
769 194 0
448 693 2
18 540 4
933 339 3
82 668 1
946 29 1
257 169 0
523 207 3
259 962 4
680 403 1
94 353 4
464 61 0
950 890 2
526 628 0
615 45 2
821 608 3
428 408 4
818 834 2
13 942 3
602 301 1
314 390 4
188 357 3
212 359 3
555 229 4
429 711 3
667 426 4
948 946 4
618 772 4
903 106 4
478 382 0
743 477 0
982 561 1
417 786 3
656 642 1
727 268 4
91 919 3
800 125 0
442 406 2
259 860 4
859 479 0
880 995 3
3 679 2
781 703 1
68 585 4
549 79 4
671 64 2
421 546 3
366 92 4
819 707 3
267 827 2
725 372 4
539 479 3
230 838 0
463 888 3
775 843 1
565 938 3
153 861 4
416 154 4
599 716 0
654 426 4
249 736 3
837 646 1
909 337 4
792 638 2
29 69 1
350 678 2
740 75 3
523 700 4
861 81 0
482 254 0
159 78 4
72 534 1
384 551 2
986 840 3
357 331 1
825 996 0
273 423 0
814 545 3
382 734 3
522 174 0
428 487 0
3 264 0
171 2 2
887 776 2
899 536 2
653 225 1
235 298 1
33 725 2
898 728 1
411 73 1
647 783 3
683 507 3
207 564 1
277 770 3
336 147 2
378 993 3
382 59 1
218 55 3
483 212 1
766 202 1
811 548 0
451 64 3
809 548 3
394 272 4
320 847 2
88 208 3
256 549 3
554 901 4
602 723 1
591 312 2
957 984 4
225 716 1
583 369 0
158 692 4
896 278 4
984 344 3
485 250 3
656 279 1
909 700 3
362 956 0
850 228 1
87 471 3
979 95 3
779 140 3
669 472 1
288 98 4
487 148 3
985 771 4
273 624 4
603 657 0
232 7 4
149 99 4
679 134 4
324 603 1
547 448 1
706 532 3
447 835 0
972 93 3
525 89 1
201 899 3
616 693 0
618 692 2
337 302 2
683 833 2
800 267 2
930 409 1
475 152 1
748 403 2
282 372 1
382 593 4
112 706 0
652 485 3
513 599 4
484 188 4
872 778 4
218 394 4
513 298 1
765 476 2
713 100 3
640 933 4
576 624 2
250 693 3
775 754 4
208 68 2
161 620 0
883 904 1
807 496 3
220 632 3
764 373 1
665 535 1
904 481 4
936 856 1
263 842 4
704 40 3
210 716 1
4 288 0
251 52 0
749 431 4
725 714 3
457 433 3
221 717 1
367 567 4
779 445 2
359 249 0
301 787 1
267 78 3
735 982 3
25 760 1
412 711 1
530 211 3
671 247 4
668 434 2
712 366 0
947 101 3
745 888 1
300 518 3
460 705 4
420 842 4
826 955 3
744 590 4
865 698 4
398 766 0
703 437 0
548 751 4
893 44 4
586 199 1
855 587 1
431 139 1
174 947 4
788 562 1
683 852 2
340 758 1
271 555 2
140 222 2
457 628 2
277 180 4
613 720 1
281 524 4
704 789 2
391 463 2
459 485 1
746 111 2
444 621 1
354 479 1
213 790 1
602 384 4
617 763 4
494 844 1
355 550 1
754 621 2
505 359 0
67 197 3
617 699 1
298 374 2
412 207 0
461 52 3
602 40 0
139 302 4
315 54 0
382 812 1
766 639 4
859 465 2
162 997 3
661 722 1
233 865 3
930 491 1
811 248 3
264 802 3
60 551 0
997 30 1
286 976 0
511 477 0
258 406 1
304 627 4
148 123 2
232 117 3
652 73 2
26 184 0
738 2 2
84 377 1
239 826 2
198 88 2
348 810 3
90 809 4
199 233 3
6 19 2
756 159 4
100 423 3
4 993 3
873 497 2
261 715 4
999 468 2
602 868 4
642 119 0
173 0 3
843 976 1
558 403 3
471 970 3
380 349 4
897 909 3
357 867 3
497 37 0
585 681 0
288 87 0
861 569 0
972 655 0
500 196 1
270 848 1
466 868 1
680 480 1
99 52 4
50 814 4
173 782 4
10 107 2
488 664 4
531 917 4
968 494 2
271 222 4
467 794 3
957 817 1
244 398 0
604 925 1
126 575 1
765 516 2
950 785 1
989 708 1
30 928 4
343 429 0
952 520 4
216 280 3
666 41 1
380 55 1
533 955 2
380 841 4
928 80 1
561 477 4
948 218 3
914 568 1
227 345 1
275 609 2
867 63 1
128 600 4
736 496 4
617 265 1
314 334 3
78 361 3
182 786 2
204 135 3
90 726 4
821 855 2
773 427 2
632 678 3
956 788 2
12 917 2
285 635 0
253 321 4
972 342 3
625 308 2
97 319 0
818 815 4
376 109 0
635 958 3
277 941 3
395 715 1
237 381 1
427 561 0
156 653 3
419 946 3
657 324 3
463 99 1
954 484 0
356 452 3
551 559 4
989 285 0
464 526 4
936 986 1
204 487 1
632 934 4
204 295 0
958 283 0
701 527 4
259 676 2
996 113 4
461 117 3
357 220 2
768 724 2
343 244 0
826 427 3
697 342 4
432 982 0
730 285 2
134 279 3
731 266 1
114 321 3
544 985 4
615 641 3
943 267 4
955 533 3
508 482 2
935 517 2
516 992 3
914 450 0
334 3 2
918 330 4
160 551 4
878 894 0
554 612 0
26 458 2
757 757 3
926 318 0
637 456 3
738 182 4
541 845 4
288 271 0
106 748 0
109 113 3
660 65 3
617 382 2
60 26 0
787 612 4
338 535 0
525 768 4
361 766 3
615 561 4
553 182 0
973 996 3
13 715 0
666 830 0
801 240 0
236 601 0
165 165 0
666 825 4
690 621 0
142 184 2
274 18 4
354 114 4
803 106 4
672 54 1
679 185 1
939 101 1
34 232 3
206 614 0
520 789 3
600 630 0
837 16 0
927 862 0
464 276 0
450 323 3
70 577 4
639 128 2
338 424 3
265 59 4
713 207 4
57 526 1
630 304 3
428 5 2
903 288 1
453 699 3
631 490 4
150 148 3
835 442 2
371 573 3
285 686 0
177 930 1
663 634 4
879 336 2
616 122 1
216 407 4
170 768 1
802 512 2
703 231 0
85 634 3
869 385 0
224 150 4
867 313 1
34 780 2
777 4 4
959 184 0
442 169 2
599 139 4
475 721 2
497 718 2
250 159 3
973 590 2
403 397 0
280 184 0
4 303 4
839 696 3
787 194 4
434 0 2
665 154 4
233 926 0
169 93 3
934 260 3
381 640 1
372 585 1
262 664 0
195 527 0
191 253 4
155 107 0
200 385 4
591 555 2
644 216 2
153 599 3
882 273 0
489 859 1
346 467 0
126 688 1
734 41 3
161 984 0
918 2 3
10 382 4
742 419 0
4 75 1
874 682 4
646 62 3
143 454 1
365 403 3
383 316 1
915 24 1
894 630 2
744 560 1
258 914 1
689 667 3
104 932 0
512 952 1
952 110 3
489 880 3
873 172 0
374 904 1
776 534 0
756 771 0
182 873 2
409 643 2
162 324 2
247 420 0
262 286 1
327 411 3
381 376 0
399 385 4
272 484 4
607 752 2
92 131 0
125 784 4
666 987 3
244 98 2
895 788 4
503 586 4
370 688 2
485 550 0
16 322 0
930 179 4
458 899 1
760 947 0
274 114 2
928 979 4
456 833 0
900 302 4
676 731 4
99 626 0
727 180 0
758 704 0
151 859 3
840 705 2
900 477 1
873 585 1
979 614 3
411 151 3
752 41 1
848 755 0
149 916 2
364 531 1
640 450 1
107 106 3
467 129 4
739 86 1
278 395 0
669 19 4
199 968 4
398 441 1
715 668 4
611 971 4
505 277 1
601 196 0
831 534 1
885 133 4
412 198 0
2 201 1
526 798 2
49 961 4
178 695 4
906 1 0
193 323 2
873 706 2
841 628 2
987 641 3
168 657 1
84 854 0
54 16 3
311 232 4
422 344 3
520 365 1
883 720 1
451 557 2
828 714 1
959 38 0
974 146 0
130 157 1
824 750 3
727 679 3
62 793 0
588 765 1
167 41 3
875 496 1
816 969 0
257 296 2
867 378 1
769 449 2
792 846 1
231 839 2
646 711 3
713 724 4
153 776 1
849 721 0
764 689 3
336 928 1
767 217 1
209 416 2
189 312 1
479 314 4
733 399 3
782 705 2
314 635 4
543 82 2
772 145 4
451 363 2
720 954 1
866 374 4
121 835 2
232 779 0
35 69 0
759 888 3
202 375 4
74 79 2
727 820 4
313 952 2
373 401 1
760 82 2
737 76 0
432 211 1
521 20 2
715 353 0
288 925 4
857 110 0
241 58 3
722 707 3
635 252 1
34 261 2
874 960 2
729 52 0
823 132 1
988 578 0
576 601 3
988 763 4
886 888 1
667 519 2
419 941 2
535 542 1
922 370 1
645 318 0
759 717 1
609 321 4
123 116 4
119 661 1
315 193 1
958 627 3
630 807 2
176 146 4
302 119 1
404 756 3
800 388 1
361 982 2
196 871 3
960 443 0
297 311 3
853 119 3
919 473 2
563 564 3
974 786 2
30 704 4
379 204 3
373 781 2
230 285 2
610 622 2
170 268 0
943 169 3
152 830 4
633 530 0
600 621 0
572 31 3
108 15 0
87 435 2
593 883 4
845 372 0
721 412 4
657 291 3
268 307 0
103 400 2
632 436 3
601 29 2
866 489 2
325 999 2
677 138 4
95 921 0
827 290 1
885 700 4
687 461 2
58 310 3
869 149 1
295 61 0
973 676 4
65 443 4
470 220 0
664 406 1
744 835 4
411 291 2
92 478 0
503 151 1
692 891 2
321 625 0
466 372 2
718 904 0
777 427 1
3 388 1
2 267 2
242 355 4
718 389 4
726 745 2
391 478 2
283 276 3
876 166 0
324 288 3
62 555 1
607 193 0
425 218 0
726 218 4
397 122 4
789 635 0
258 303 3
424 335 2
546 54 0
523 269 0
53 571 0
36 459 1
924 941 4
453 193 2
288 441 3
525 437 4
33 826 2
916 140 1
96 323 2
556 469 0
25 444 0
476 313 4
440 385 1
136 481 1
370 567 4
475 881 0
628 920 0
801 560 2
154 790 3
568 608 2
788 73 2
379 104 1
7 350 1
120 444 1
593 784 1
262 442 1
771 480 4
867 405 4
718 930 1
181 383 1
316 600 1
609 886 2
795 781 4
789 146 0
316 853 3
805 608 3
468 902 2
391 586 3
223 84 1
116 670 1
714 291 4
86 758 3
842 428 4
737 611 3
538 50 1
10 254 4
88 308 0
580 969 2
374 405 4
379 243 0
98 459 4
574 762 1
314 735 2
811 143 1
923 745 4
760 546 0
106 703 1
304 978 3
796 389 4
639 615 2
353 59 4
90 610 3
66 219 3
703 658 0
56 99 0
943 939 3
101 551 0
645 818 2
105 452 0
788 168 4
137 115 4
510 693 3
740 446 1
571 387 3
910 636 2
713 955 3
776 707 4
409 848 2
949 452 0
708 8 3
906 298 2
352 88 0
895 247 2
999 808 3
902 419 0
154 213 1
580 935 0
333 44 1
731 963 0
720 974 4
232 603 1
374 516 2
341 496 2
45 128 1
75 511 2
770 525 2
379 131 4
218 601 3
919 352 3
492 525 2
639 128 4
555 328 2
723 254 1
569 463 4
531 135 4
897 810 1
176 161 0
755 213 4
642 699 1
834 523 4
880 955 4
95 908 2
737 223 4
385 338 1
599 780 4
108 0 4
800 444 0
382 103 4
962 82 4
196 894 4
432 581 3
777 519 4
734 193 2
443 946 1
776 595 3
917 703 1
857 783 4
426 151 3
104 412 4
593 583 0
580 140 0
285 10 0
844 320 1
640 400 3
760 823 2
520 276 1
878 395 3
763 449 1
241 681 1
877 661 3
91 797 0
59 617 0
972 276 0
786 186 4
255 893 2
989 719 4
177 424 4
674 437 3
401 434 4
668 801 2
228 883 2
885 431 4
51 239 1
285 133 2
846 710 1
579 349 2
647 925 3
731 511 0
937 720 0
966 513 4
580 735 1
122 800 4
338 364 1
816 378 2
332 763 1
192 144 0
690 457 0
169 985 1
114 620 1
80 762 0
975 239 3
388 477 0
848 903 4
243 589 4
277 331 1
145 66 4
424 366 1
638 746 3
551 480 2
934 205 4
738 606 0
658 888 1
69 677 3
978 675 3
746 530 0
83 193 4
686 970 3
252 957 1
37 325 0
986 891 3
780 335 3
182 509 2
44 168 4
882 823 1
366 988 4
46 99 1
202 595 1
22 308 0
209 904 1
431 115 3
207 189 3
365 550 0
525 509 2
686 302 2
19 815 1
993 412 2
203 250 0
127 963 4
282 522 3
998 537 4
438 764 1
55 988 0
534 266 3
912 720 3
351 822 4
985 155 2
933 619 1
539 90 1
775 690 3
150 286 2
6 589 2
226 181 2
324 626 3
326 395 1
791 96 0
994 189 4
678 866 4
269 152 4
597 673 0
68 527 3
465 618 4
476 265 0
16 904 3
164 594 0
351 609 1
9 689 4
33 462 0
9 141 0
467 925 3
344 120 4
991 360 1
219 393 1
914 769 3
931 43 2
64 615 3
87 116 4
82 448 3
261 693 0
844 626 2
992 61 1
702 903 1
186 623 4
262 679 4
49 117 3
522 934 2
714 418 4
651 575 2
183 253 4
253 987 1
93 877 1
317 548 0
184 710 1
2 621 0
426 331 1
551 108 1
171 869 3
141 402 4
537 258 1
722 790 4
302 250 2
498 794 0
888 625 0
895 596 2
546 696 2
380 938 0
366 447 4
843 544 1
249 323 3
980 741 0
544 524 0
140 552 4
449 125 4
926 990 0
643 729 0
747 725 4
775 221 4
365 851 4
833 944 1
947 400 3
913 371 3
874 330 3
736 712 1
351 562 4
412 702 4
358 143 3
187 491 0
251 48 0
817 498 4
154 328 4
410 831 3
834 659 3
456 877 1
557 247 0
541 149 0
209 679 2
117 976 4
594 768 3
530 436 3
828 190 2
938 951 4
728 992 4
592 180 1
207 391 4
140 570 4
934 748 2
306 780 0
544 496 1
31 122 1
778 337 4
625 987 1
452 820 2
629 745 2
895 470 0
339 999 1
133 846 2
93 309 3
333 712 0
562 839 0
138 482 1
497 301 3
137 867 2
72 292 4
538 121 3
247 599 0
197 326 1
218 300 1
548 696 4
715 140 3
955 868 3
232 90 1
173 141 4
540 136 3
389 632 3
703 649 1
507 592 0
260 6 2
67 540 0
303 633 3
862 806 2
837 918 2
108 876 0
706 135 2
839 659 0
547 183 2
459 28 0
79 121 2
52 910 2
774 189 1
430 341 0
159 288 1
34 135 4
543 889 2
145 590 4
779 895 4
836 120 1
205 690 2
660 622 2
159 168 3
782 311 0
736 323 4
81 617 3
403 149 1
940 329 4
631 894 4
669 749 1
998 405 1
221 962 1
782 88 2
933 679 4
709 395 1
468 564 0
863 556 2
70 969 4
329 70 4
673 140 4
623 217 1
599 956 3
831 867 2
875 193 4
180 570 3
677 446 2
299 750 1
132 991 0
173 579 1
749 835 4
915 884 3
860 634 0
59 345 3
146 303 4
184 878 3
362 715 2
360 963 0
458 606 4
111 581 3
637 829 2
475 563 1
950 20 2
494 210 0
795 429 4
420 48 0
547 376 2
8 103 4
494 653 1
201 790 3
318 478 3
507 686 4
751 399 4
328 550 0
703 656 1
512 250 3
731 596 2
106 48 2
574 795 0
155 855 1
664 451 4
798 439 3
707 716 3
635 35 3
92 151 2
164 290 3
284 152 0
639 796 2
430 921 3
506 866 1
595 118 2
743 257 1
638 159 3
935 561 1
282 194 4
77 518 3
667 355 0
993 659 1
285 33 3
861 808 4
542 894 3
201 234 0
262 962 2
510 468 0
968 672 0
905 848 0
598 247 4
697 347 2
255 819 2
701 747 2
560 538 3
958 988 0
662 510 4
207 563 1
394 334 3
24 109 0
872 349 0
426 610 0
441 205 1
337 830 3
473 105 1
390 195 4
226 901 0
187 589 3
666 924 0
774 972 1
859 681 2
737 627 4
218 994 0
371 575 1
540 908 3
894 464 4
255 706 1
76 177 3
814 694 2
42 625 4
296 119 4
182 150 1
119 808 0
222 51 4
872 681 3
106 782 1
356 252 2
992 259 1
100 422 1
766 689 1
602 992 4
345 903 0
420 96 1
631 925 4
400 791 2
34 938 0
34 186 2
603 201 0
594 66 2
322 255 3
666 661 3
545 913 2
195 925 4
86 241 3
611 979 2
921 985 0
416 505 4
470 929 4
226 305 2
760 377 3
71 149 4
702 37 2
814 807 1
682 966 3
224 119 0
9 197 1
393 465 4
366 53 3
929 756 4
584 814 1
428 803 3
923 814 4
342 557 0
137 808 4
182 433 4
62 7 1
926 653 2
997 82 2
32 327 4
102 787 3
997 521 1
13 637 1
800 317 3
642 775 1
649 776 0
638 208 3
856 713 4
771 943 3
657 464 0
288 413 1
661 108 1
966 734 2
120 696 4
413 865 1
484 657 1
853 581 4
724 417 4
350 137 0
531 151 4
28 578 3
171 783 4
336 621 4
637 473 0
681 316 0
678 896 4
942 152 0
748 677 0
465 182 0
497 357 0
931 970 0
168 694 2
647 662 1
994 481 2
341 764 0
244 697 2
759 940 2
697 812 0
96 404 0
964 382 1
243 799 2
799 621 4
317 751 0
938 937 0
641 694 2
802 579 2
829 484 3
212 593 3
896 792 2
756 526 2
313 94 3
839 948 1
699 853 4
942 37 3
42 888 1
196 637 2
867 930 4
64 622 4
98 538 2
596 149 1
453 134 1
342 401 3
392 142 1
915 464 1
638 175 4
219 981 0
971 953 0
469 781 0
144 532 1
207 768 1
222 883 2
721 361 3
662 69 3
772 158 1
586 734 4
5 606 1
893 930 0
187 366 4
478 762 3
321 740 4
810 460 4
93 52 4
328 416 2
627 249 2
768 989 4
496 352 4
289 286 0
173 58 3
343 765 3
189 689 3
201 125 4
859 623 4
396 884 3
102 749 1
927 146 3
71 728 0
327 459 3
989 714 3
729 209 1
478 987 2
659 972 1
914 743 0
509 765 4
261 258 2
5 889 0
170 958 0
24 168 2
854 893 0
492 701 4
831 668 0
319 886 2
806 462 0
931 136 2
242 991 4
925 223 4
484 901 2
781 966 1
563 859 4
836 858 4
414 998 2
728 209 1
233 774 3
850 213 2
33 120 1
250 395 1
442 508 1
97 693 4
819 18 2
580 811 3
436 137 4
309 332 4
952 217 0
937 136 2
355 47 3
376 788 3
458 978 0
946 154 4
797 535 2
802 29 1
285 777 2
183 568 3
83 203 1
805 986 0
417 383 0
155 412 3
213 500 4
814 860 1
599 890 4
290 121 3
639 194 1
248 197 3
314 913 1
817 85 1
667 219 0
774 20 4
90 54 4
139 658 3
755 202 1
488 892 0
657 595 0
203 232 2
219 502 0
320 150 2
646 538 3
893 869 0
941 503 0
316 350 1
565 174 4
406 691 1
789 929 4
297 691 1
761 772 0
527 978 0
654 957 4
869 886 4
915 549 3
408 780 2
50 121 3
84 443 3
937 714 4
554 709 1
548 670 0
708 619 1
733 430 4
502 439 0
348 609 2
582 128 3
911 62 3
422 925 2
104 34 3
909 421 3
849 683 2
13 66 1
458 423 1
682 534 1
323 446 0
354 579 2
818 412 0
262 136 4
705 300 0
524 583 2
706 801 1
842 483 1
918 978 3
665 885 4
745 400 3
451 949 2
79 758 1
833 800 0
229 527 1
6 920 4
424 493 2
632 401 1
7 165 3
518 809 2
87 723 2
794 296 1
842 272 2
740 794 3
908 654 0
57 899 1
157 801 1
579 999 4
917 214 3
877 753 3
953 776 0
793 930 4
787 35 0
874 976 1
115 312 3
673 204 4
927 623 4
363 88 1
618 359 3
382 454 3
882 457 0
758 155 2
118 457 1
636 679 3
142 241 0
723 681 2
729 189 4
618 835 2
864 777 4
138 414 3
655 86 1
555 359 3
902 762 1
882 783 0
736 857 3
140 371 4
140 389 0
487 460 3
490 500 3
974 616 0
200 166 0
135 443 2
612 670 4
518 714 2
313 901 1
674 169 1
471 501 1
218 835 4
393 663 1
726 461 2
433 359 0
737 185 1
467 999 2
779 913 4
715 20 0
612 240 0
957 835 3
137 19 4
191 597 4
132 17 3
162 638 2
543 132 0
987 219 4
472 54 1
650 102 2
535 377 2
997 192 3
139 51 3
347 498 4
632 681 2
137 20 3
853 553 1
509 253 1
987 158 4
222 445 4
249 995 4
758 114 3
896 268 4
701 464 2
938 581 0
811 645 2
941 445 3
764 595 3
226 497 0
816 916 3
526 312 1
825 334 4
92 529 1
928 764 1
828 135 4
218 858 2
617 824 3
691 361 2
674 274 2
206 570 3
436 911 2
266 388 0
854 732 1
354 243 1
757 536 2
622 305 1
684 980 0
616 147 3
721 768 2
530 504 4
332 716 3
242 114 0
527 243 4
648 155 0
256 390 3
602 606 2
364 975 0
22 549 2
102 374 0
706 163 0
892 992 4
5 441 4
731 951 2
636 811 1
679 855 2
225 369 0
345 701 4
325 887 3
737 356 2
121 661 1
111 879 4
741 719 1
595 422 1
989 853 3
59 885 0
147 175 1
476 792 0
411 881 2
416 375 2
604 685 3
38 281 2
568 648 2
268 235 4
198 105 2
198 620 2
169 25 2
935 966 1
767 777 3
436 298 0
868 949 2
852 484 0
97 697 1
863 43 1
778 190 3
770 289 3
950 967 4
308 188 1
197 857 0
66 940 2
644 513 4
771 750 3
120 537 0
174 699 2
187 910 2
908 437 4
938 676 4
64 282 2
357 122 3
143 575 3
900 471 2
476 18 3
907 746 3
807 561 3
845 376 3
688 837 1
351 458 2
438 764 2
936 410 0
592 245 4
454 988 1
70 523 0
819 78 4
494 398 4
8 884 1
877 325 4
9 62 2
156 710 2
990 772 4
315 203 4
883 26 3
235 18 4
879 119 1
655 398 1
829 159 3
325 75 0
806 580 4
324 985 2
837 198 3
294 374 3
843 227 3
856 808 1
990 677 0
47 331 1
258 415 1
834 211 3
78 932 0
735 851 1
799 798 4
296 496 3
331 187 1
807 558 3
163 737 1
13 226 3
445 326 1
625 442 4
594 403 0
550 976 3
5 87 0
757 399 1
140 633 1
866 775 1
611 546 1
439 757 2
799 755 3
413 485 3
704 426 0
458 729 1
878 838 0
590 179 1
328 712 1
924 536 0
466 770 1
503 715 4
242 400 2
483 909 0
755 217 2
185 735 2
575 95 0
662 966 4
629 709 1
334 273 2
304 100 1
312 387 3
721 26 3
844 224 3
8 194 0
571 176 4
933 282 4
751 843 1
690 855 2
864 306 1
708 558 1
481 673 0
227 919 3
311 812 3
903 64 1
503 267 4
651 27 1
701 900 3
372 540 1
99 933 3
15 338 2
11 472 1
626 975 4
711 329 2
928 154 2
637 250 3
708 780 2
861 610 3
234 698 3
845 860 0
209 466 3
833 140 0
683 877 4
779 343 2
664 939 1
875 276 4
870 744 1
879 165 0
259 85 2
692 26 4
296 584 0
635 438 0
386 658 0
60 635 0
754 527 2
814 58 1
174 282 1
722 522 2
98 543 4
820 787 0
708 283 3
925 665 4
305 606 1
541 923 0
695 228 0
578 465 3
928 357 0
147 146 0
256 945 3
143 57 3
513 762 3
957 384 3
861 642 1
879 77 0
280 504 0
824 707 1
150 118 1
717 619 1
100 145 4
883 474 3
906 678 3
496 946 3
205 349 1
513 532 0
910 41 3
17 142 4
984 331 0
880 992 2
769 872 2
346 614 3
746 185 2
971 445 1
845 485 3
963 64 2
981 552 3
287 175 3
263 495 3
288 121 2
593 570 1
106 503 2
919 750 0
595 621 1
642 261 2
45 268 0
804 362 4
903 5 1
275 283 2
877 455 3
264 607 4
527 658 2
155 864 1
288 737 2
680 737 2
234 174 3
12 302 1
240 800 0
82 930 2
752 340 0
680 728 3
603 79 3
35 286 4
857 473 2
110 381 1
790 830 1
333 689 0
284 152 1
717 348 3
721 5 1
213 589 2
177 542 3
183 85 0
415 730 2
899 881 1
149 617 4
649 45 2
512 84 2
739 944 3
716 465 4
592 123 2
663 389 4
882 828 3
839 978 4
654 200 0
964 665 2
15 676 3
372 462 1
980 151 1
965 152 1
655 121 4
105 62 1
928 896 2
912 449 1
486 623 2
536 726 3
607 663 3
143 659 4
357 292 1
975 818 4
70 596 4
542 217 0
524 825 4
534 757 0
158 954 2
119 999 4
109 853 3
660 159 3
898 141 2
61 609 3
295 709 1
266 564 1
995 112 3
863 663 3
8 330 4
676 122 3
67 851 3
471 253 2
655 507 0
581 495 4
334 483 1
576 828 1
350 208 0
485 735 1
288 362 2
364 270 2
296 965 4
134 390 4
279 58 2
13 219 3
33 129 0
41 160 1
148 80 1
445 581 2
814 827 3
737 512 4
766 403 2
43 263 2
478 545 1
535 431 3
810 713 4
530 499 0
31 602 2
330 784 3
608 931 1
237 430 4
544 572 4
74 502 3
585 584 1
569 246 3
952 872 4
789 601 3
908 43 3
912 464 2
117 13 4
620 816 3
579 333 2
692 458 4
443 166 4
694 588 2
146 827 1
949 400 3
851 120 2
273 79 2
668 714 4
413 199 1
8 286 0
818 174 1
912 199 4
228 445 1
141 201 4
110 136 4
653 618 2
245 368 1
916 605 3
416 64 2
303 723 2
512 612 4
418 500 0
553 952 3
894 537 3
178 110 2
982 439 4
159 280 4
127 541 4
290 702 0
407 120 1
294 336 4
784 657 2
766 572 2
3 154 2
944 155 1
375 983 0
19 118 0
236 38 3
259 103 2
660 740 4
420 983 2
484 812 4
895 459 4
335 32 0
762 948 1
381 581 1
236 476 3
754 427 0
312 162 3
70 544 1
32 378 0
293 962 3
587 393 2
968 738 3
633 306 3
746 654 3
484 528 3
133 262 1
570 603 4
973 520 1
597 194 3
248 92 2
107 741 4
936 308 2
535 893 3
551 878 4
172 765 3
482 690 1
455 544 3
217 964 2
316 0 4
477 231 1
416 655 0
863 166 3
835 598 3
249 916 2
266 860 3
658 819 4
528 942 3
635 703 0
87 75 3
706 100 3
530 2 3
53 579 2
754 589 1
747 310 0
97 833 4
297 504 1
302 366 2
850 624 1
369 132 0
728 364 4
86 570 0
397 831 4
98 88 2
327 974 0
109 741 2
531 736 2
657 741 4
767 265 3
70 382 2
897 694 4
299 250 0
34 514 2
426 343 3
51 572 4
536 391 3
984 556 2
809 341 3
428 309 0
878 71 3
669 118 1
827 743 4
894 140 4
441 880 3
140 572 3
133 918 4
886 630 1
85 306 0
520 883 0
450 12 3
655 159 0
92 291 3
338 742 0
834 929 2
657 249 1
940 788 0
700 611 3
911 657 2
189 197 0
471 56 0
947 946 2
391 379 4
769 398 2
639 445 2
878 118 3
470 288 2
619 807 2
283 411 1
987 295 0
361 863 0
555 969 3
675 13 1
172 192 1
590 393 4
686 65 3
23 66 4
634 758 4
580 826 1
99 791 2
229 339 0
383 644 2
909 416 3
222 876 2
702 12 2
20 809 2
599 154 3
397 500 2
726 314 3
847 368 2
279 690 4
435 181 3
250 356 1
635 861 0
112 122 0
961 859 0
427 557 3
769 107 4
521 259 3
740 891 2
216 389 2
370 758 3
760 77 1
530 669 4
988 22 3
927 152 4
799 431 2
883 183 0
35 682 1
266 842 1
812 665 3
224 369 0
136 556 1
414 465 4
759 769 2
918 662 4
27 328 1
506 947 1
840 495 4
708 2 2
646 489 1
347 430 4
439 383 0
818 436 0
871 958 2
519 436 1
756 439 2
447 477 3
911 327 0
637 901 1
996 258 0
88 664 0
396 409 0
710 774 0
274 808 2
800 480 3
565 218 3
951 907 1
265 924 1
725 433 4
644 431 1
352 295 0
567 894 3
400 466 0
844 326 0
613 718 3
413 178 1
571 868 2
847 127 2
215 82 2
374 984 1
63 464 1
613 41 3
273 432 0
368 967 1
427 565 0
65 723 2
890 237 1
992 493 4
699 35 0
932 946 0
353 776 4
756 519 0
550 670 4
867 30 4
751 71 4
961 198 0
913 887 0
694 967 1
263 973 1
87 436 2
829 413 0
763 880 3
624 27 4
290 132 4
246 993 4
78 955 0
49 136 2
968 711 2
607 714 1
484 284 2
553 898 1
426 510 1
148 645 0
139 446 3
410 184 0
271 835 0
559 549 2
823 173 0
248 700 2
138 568 1
872 435 1
51 589 0
468 736 2
938 929 2
996 628 0
694 231 1
612 271 0
396 484 1
688 809 3
301 555 1
88 276 2
360 215 4
156 194 4
400 964 0
420 170 3
617 417 0
467 393 3
829 426 1
972 839 2
589 453 4
906 323 4
781 349 3
453 827 4
391 56 4
525 751 2
451 192 2
282 641 2
376 922 0
232 471 2
938 644 4
834 660 0
963 424 3
804 696 1
242 980 0
772 32 0
271 256 2
801 616 2
837 930 3
919 268 3
8 754 3
272 447 3
680 301 4
129 760 4
510 901 1
118 352 2
663 573 2
712 389 0
478 623 3
456 260 1
670 283 2
228 376 0
879 265 0
377 787 3
639 649 1
333 704 0
736 748 2
629 433 1
549 528 4
674 980 1
544 230 3
698 923 1
781 806 0
298 570 0
699 361 0
718 717 2
907 875 0
301 954 2
497 509 2
784 820 1
769 131 4
662 248 1
15 601 2
143 103 3
998 648 0
483 921 1
154 36 1
321 793 0
721 702 4
142 229 3
184 393 2
499 992 2
628 838 3
290 34 1
961 976 1
813 809 0
884 752 3
778 135 2
851 322 3
391 430 1
718 921 2
787 999 3
714 939 1
187 899 4
850 105 4
596 31 2
287 422 3
776 912 2
829 173 3
322 528 0
37 536 4
351 785 1
744 658 1
991 678 2
688 453 4
894 361 4
298 226 0
531 165 0
516 991 3
664 587 4
917 42 2
784 733 0
431 784 2
404 907 4
715 757 0
386 618 0
579 388 2
872 675 0
909 916 4
981 939 4
704 863 1
443 694 1
517 436 3
119 800 3
227 610 0
978 234 3
203 830 1
616 103 0
431 491 2
106 850 0
873 365 2
906 67 1
684 828 1
945 361 3
149 409 1
113 693 4
822 275 2
125 752 1
993 674 2
25 190 3
126 908 2
113 554 1
582 781 0
982 780 3
978 712 1
560 265 0
621 289 3
997 733 0
970 671 2
737 755 1
508 415 3
529 704 1
937 315 2
481 712 1
603 533 3
860 595 4
966 728 4
620 348 3
416 60 2
791 439 4
60 345 1
851 119 2
885 384 2
731 384 1
527 222 2
545 490 1
179 398 4
0 361 0
393 26 3
164 528 4
957 907 1
756 783 2
384 807 4
959 860 4
977 64 0
866 199 1
517 802 0
361 426 0
385 986 4
763 535 3
890 198 1
381 670 1
13 26 3
32 467 2
685 448 2
620 530 4
457 454 1
894 131 2
990 620 3
286 180 2
337 378 3
192 156 1
7 537 1
756 62 1
929 229 3
620 947 1
40 863 4
736 719 0
523 620 4
739 258 4
398 656 0
825 730 2
822 721 4
955 78 2
442 285 4
806 784 3
899 744 1
388 103 4
845 926 1
475 22 1
155 447 1
252 159 1
570 552 3
303 936 1
29 180 2
521 486 3
793 870 3
847 988 0
967 295 2
250 605 4
296 695 4
469 669 0
745 499 2
345 534 3
300 474 4
554 856 1
120 937 0
890 31 3
805 122 0
669 765 3
208 130 1
437 191 3
533 848 2
308 95 4
99 911 0
479 271 1
854 722 2
253 64 0
189 370 2
814 510 2
744 975 0
84 29 1
230 665 0
579 621 2
293 779 4
278 989 4
636 859 2
333 896 3
886 425 3
310 845 1
773 346 4
17 600 3
997 430 0
222 606 0
10 576 1
913 748 4
103 302 0
965 925 4
872 730 1
98 367 3
190 244 0
649 530 0
832 292 4
301 740 4
292 43 1
620 548 2
206 714 2
969 946 4
752 47 1
833 325 1
170 670 2
335 645 3
539 774 0
533 263 4
278 114 4
941 231 0
272 993 1
359 988 0
483 934 3
82 618 1
436 107 0
463 467 3
893 198 2
509 823 4
568 736 4
661 696 4
644 469 3
180 803 0
435 983 2
968 639 4
992 597 0
801 548 4
699 92 3
192 980 2
467 187 3
116 815 2
163 916 0
327 911 2
870 682 3
315 735 0
117 154 1
307 725 0
417 233 3
548 716 3
558 170 1
61 793 4
745 264 0
11 902 1
383 778 1
344 237 3
425 288 3
253 957 4
169 445 4
340 685 0
316 335 2
928 871 2
463 772 4
21 694 3
922 677 0
965 953 1
532 422 0
590 613 0
969 57 3
426 151 0
710 311 1
594 498 4
890 108 2
507 984 3
687 856 2
96 902 0
547 663 2
647 319 3
132 611 3
151 108 0
522 23 1
453 675 0
110 960 2
990 365 3
533 874 0
685 359 2
637 138 3
8 566 2
61 978 4
523 144 2
631 348 2
694 271 0
878 298 2
103 168 1
535 617 3
45 909 4
538 436 1
985 52 1
500 34 2
122 488 3
755 110 0
236 309 4
493 132 1
907 48 0
904 471 2
986 93 3
645 565 4
12 467 1
839 218 4
515 128 3
592 932 0
479 940 3
729 637 2
257 262 1
136 922 4
98 394 4
950 984 1
557 579 0
816 31 1
455 489 4
893 655 4
244 922 4
216 838 3
283 246 2
516 179 0
21 297 0
389 743 2
820 624 3
370 325 0
672 355 0
981 159 4
780 82 3
981 647 1
864 82 2
318 665 1
29 998 0
190 30 3
450 764 0
745 510 0
6 14 2
793 142 1
884 500 3
952 764 0
87 671 4
502 999 0
627 970 0
465 78 4
243 272 3
252 110 1
726 275 1
615 665 0
524 298 0
443 7 1
622 561 2
831 958 0
73 259 3
303 647 2
163 446 1
513 428 2
345 269 2
331 985 1
32 739 4
362 187 3
685 299 2
832 676 4
26 402 3
292 493 1
281 557 1
996 957 2
142 364 0
840 71 3
802 451 0
114 65 3
743 871 1
638 692 3
369 49 3
883 992 0
252 737 1
979 930 1
338 511 3
47 109 0
460 292 0
465 490 2
855 935 2
15 149 4
650 132 0
764 710 0
421 717 2
373 985 3
939 669 2
97 893 2
352 171 3
833 102 1
908 859 0
64 372 2
223 660 0
358 796 0
724 30 2
212 499 4
231 536 3
785 495 4
540 108 1
9 910 4
111 415 2
26 210 1
778 527 3
798 333 1
746 929 0
185 216 0
19 938 2
894 589 3
538 932 1
370 484 1
379 251 1
923 876 3
264 163 0
252 18 3
468 426 3
981 412 0
770 236 2
556 242 3
18 606 4
731 796 3
221 420 4
145 127 4
890 478 2
984 670 0
492 494 4
586 504 0
391 282 3
576 87 0
95 309 4
570 411 3
276 561 4
754 967 2
653 909 0
820 582 3
842 231 4
512 648 0
729 918 3
725 482 1
724 353 1
691 205 0
448 841 0
688 85 3
898 38 3
978 549 0
12 111 0
394 334 0
67 805 2
442 228 4
96 785 0
219 669 0
2 627 3
827 768 3
988 626 2
491 662 4
88 34 3
138 867 4
516 726 4
102 155 0
283 358 4
645 859 3
349 346 2
640 693 0
536 576 4
525 455 3
231 650 3
345 877 3
988 463 2
131 860 2
312 492 0
291 410 3
419 825 1
850 395 2
105 136 3
189 841 3
633 835 0
564 565 3
68 958 0
814 523 0
710 644 1
357 917 0
477 80 0
169 256 1
163 302 3
943 442 3
987 635 1
756 183 0
168 386 0
969 822 4
523 898 0
864 870 4
14 734 2
621 315 4
880 789 0
4 453 4
918 191 4
542 497 0
15 0 0
285 589 1
590 414 1
920 796 1
474 548 1
428 761 2
222 765 4
813 60 3
56 566 4
160 508 3
811 693 0
613 953 4
728 453 1
930 668 3
15 394 2
369 839 2
799 929 1
686 663 3
518 137 4
624 113 2
996 158 0
4 253 0
425 809 1
767 318 2
758 557 2
676 358 2
423 825 1
859 453 2
2 107 1
164 128 2
408 813 2
686 889 4
317 611 4
398 487 4
971 289 1
736 903 0
899 781 3
356 293 4
234 222 1
144 329 3
96 122 4
912 246 2
578 301 4
557 212 4
125 889 4
664 130 4
638 130 0
992 309 2
616 865 3
752 869 3
383 619 4
777 80 1
566 599 2
249 835 3
462 864 4
210 288 4
638 631 2
405 5 1
154 933 2
912 675 1
935 474 3
932 45 1
36 155 2
739 339 3
60 962 2
522 199 1
634 500 2
741 144 0
931 87 0
273 140 4
423 691 4
693 56 4
430 339 0
831 400 2
237 320 4
954 872 3
477 22 1
207 587 2
857 573 1
593 422 1
76 207 0
268 505 3
270 829 4
220 109 4
246 85 2
908 638 0
309 535 2
426 24 3
895 737 1
434 822 1
297 481 1
196 52 2
432 748 2
162 96 4
415 836 4
387 653 4
359 696 3
574 566 2
367 776 4
388 153 0
465 954 1
754 454 2
36 349 4
477 76 4
602 375 0
500 738 4
409 698 2
525 397 2
19 182 0
124 84 2
921 276 2
462 776 0
830 546 1
260 38 0
241 596 2
145 567 4
685 761 4
589 755 0
167 631 0
478 816 2
816 458 2
339 579 3
997 343 1
467 652 2
147 865 1
322 21 3
266 712 3
451 191 1
808 666 0
857 366 1
199 460 1
691 966 3
740 310 0
282 168 2
488 415 3
318 273 1
136 560 2
400 778 2
863 129 2
503 414 2
33 87 1
501 745 2
1 164 1
376 734 2
862 248 1
791 773 2
779 389 1
41 872 0
690 284 3
857 109 2
629 459 1
465 661 1
240 345 2
272 665 3
399 490 3
741 808 0
518 323 0
165 257 1
410 386 0
952 126 2
673 346 4
595 427 2
982 931 3
307 59 2
399 86 4
45 372 0
25 348 1
567 969 3
314 899 3
734 777 1
564 502 3
381 681 0
573 252 3
983 251 0
241 685 2
701 517 1
5 726 0
832 567 2
140 397 0
456 531 2
569 544 1
193 445 3
314 832 3
789 336 1
416 922 3
983 244 1
857 149 2
582 899 3
108 66 2
661 969 1
929 236 1
154 369 4
662 690 4
822 766 2
154 989 0
307 314 3
34 188 2
932 515 0
381 950 1
705 945 1
102 790 1
163 156 2
781 350 1
839 716 3
874 309 2
805 494 2
314 100 3
53 892 3
768 485 3
607 874 3
745 883 4
279 192 2
32 580 0
949 257 1
249 510 1
691 622 0
687 797 0
330 932 0
191 143 1
292 892 1
542 187 4
554 676 1
438 476 1
48 45 2
514 974 1
92 690 1
604 417 2
50 989 2
265 846 3
420 943 0
994 760 1
962 450 3
853 611 0
919 951 3
661 550 1
13 275 4
132 562 1
556 501 2
828 189 3
57 768 3
986 621 1
207 368 3
101 158 3
29 452 0
989 580 1
644 976 0
101 509 1
34 574 1
194 407 2
377 574 3
449 751 1
545 88 4
906 918 1
863 621 0
366 21 3
376 294 4
825 44 1
187 399 0
979 566 2
305 173 3
503 926 0
42 599 0
726 972 0
524 576 2
151 789 0
205 42 2
597 164 3
73 849 2
179 485 4
351 271 0
181 463 3
330 721 2
915 237 3
253 93 2
260 923 2
615 890 3
719 478 4
373 288 3
729 884 3
14 618 0
333 360 3
503 933 2
468 261 2
707 372 4
801 901 3
239 166 2
474 279 1
471 470 3
110 684 4
892 763 0
203 996 0
891 264 0
576 166 4
798 823 1
787 980 0
692 294 4
516 336 3
955 819 1
831 464 4
120 831 4
687 414 2
15 153 4
669 103 4
175 94 4
743 50 1
347 357 3
249 156 3
897 872 1
33 66 2
168 11 0
312 251 3
405 397 0
215 951 2
202 50 2
195 518 2
620 913 2
429 463 2
525 471 4
792 13 2
893 128 0
186 491 3
909 874 1
29 447 1
798 248 1
637 434 2
728 504 0
405 836 4
438 187 0
669 999 0
904 926 2
793 719 3
921 377 2
292 881 3
958 282 2
453 794 1
348 779 1
218 562 2
139 817 1
182 594 4
916 478 2
437 333 2
946 412 2
506 558 2
390 746 2
774 485 0
284 611 0
981 767 3
805 372 1
150 149 1
893 170 0
389 749 1
381 803 0
265 770 2
933 928 0
4 531 0
220 794 3
5 328 3
725 43 3
686 448 4
170 283 0
246 245 1
418 744 1
336 330 4
270 178 1
411 841 0
575 88 3
126 294 4
41 450 3
159 488 2
432 500 4
739 185 3
549 951 2
674 464 1
51 578 2
819 568 3
863 812 0
447 878 1
665 106 0
61 877 4
990 316 1
578 722 2
654 587 3
700 955 1
31 861 3
793 710 1
243 338 4
755 514 4
252 176 0
100 357 4
717 831 1
172 712 3
703 336 2
332 92 4
952 961 2
430 820 1
506 117 1
455 301 1
455 88 0
566 264 3
463 913 1
50 731 1
23 987 1
559 668 4
754 408 4
700 375 1
107 877 2
96 665 4
54 42 4
211 216 1
738 303 4
539 533 1
916 580 3
905 686 0
516 790 3
327 323 1
267 233 3
166 102 0
569 148 4
947 847 1
390 803 1
411 372 2
787 89 4
861 781 1
620 470 0
670 254 4
144 361 2
154 950 1
136 281 3
959 922 1
942 591 2
994 385 1
788 755 1
706 209 4
370 115 0
618 562 0
632 216 3
320 161 2
664 667 2
636 634 4
709 185 4
93 714 2
339 937 1
355 157 0
697 932 1
922 671 4
422 340 2
973 320 1
400 976 2
276 74 3
725 5 0
811 179 4
182 777 3
22 762 4
37 698 2
893 813 3
983 966 1
597 647 2
988 797 1
352 921 4
969 609 4
417 205 4
168 782 0
741 315 4
180 102 0
897 547 0
398 304 1
942 990 3
667 667 3
22 600 0
337 200 0
869 375 4
363 885 3
634 196 1
298 141 1
899 141 3
220 224 1
446 793 2
774 467 0
534 649 1
672 921 4
509 821 1
65 474 2
719 504 0
862 173 2
606 307 1
719 701 1
248 645 3
587 786 1
468 201 4
784 425 3
42 367 3
662 259 2
813 392 4
283 478 3
761 614 2
165 727 2
367 342 3
249 603 0
578 34 4
148 594 3
137 599 3
774 822 2
530 23 0
742 382 0
446 118 3
771 246 3
333 281 1
519 182 3
842 42 4
76 447 2
442 453 4
708 445 4
966 745 1
770 86 2
369 241 0
91 270 3
881 291 1
305 986 3
520 238 0
902 21 4
241 367 3
823 62 0
498 428 0
927 523 2
496 529 0
541 100 0
584 683 3
463 783 3
158 679 3
254 102 2
640 784 2
927 991 4
268 930 1
911 550 4
825 264 1
501 385 4
696 729 0
212 179 3
192 116 2
848 546 2
26 144 2
314 103 1
766 569 4
861 299 1
400 404 4
96 737 1
35 44 2
96 759 0
932 153 4
917 652 0
205 887 3
665 283 1
237 106 0
577 853 1
470 48 3
968 391 2
950 445 1
747 585 0
404 837 4
651 11 2
412 78 0
524 664 1
487 360 0
647 55 0
134 495 0
812 609 3
283 695 0
345 696 1
663 799 1
570 728 2
245 484 1
103 94 1
804 252 4
561 634 2
307 359 4
18 359 0
294 996 2
508 509 4
885 357 4
513 207 3
4 344 1
859 730 0
579 86 0
433 752 4
572 213 2
470 849 2
417 283 1
833 377 4
192 327 1
823 415 4
952 368 4
512 952 3
726 841 3
664 558 1
775 771 4
54 320 4
806 799 0
483 898 2
671 67 1
195 597 1
584 562 0
744 825 4
848 445 3
186 749 3
145 931 2
184 362 0
189 443 2
824 349 0
2 582 1
837 40 4
58 754 3
610 331 1
100 705 1
378 659 3
476 927 1
263 455 3
896 758 1
40 12 4
843 997 0
497 786 0
281 127 0
86 749 3
416 631 1
693 378 0
24 535 1
223 839 2
712 797 1
311 630 0
405 708 2
327 948 0
741 954 1
866 208 0
54 922 1
170 461 1
774 864 1
828 875 2
447 559 4
604 78 1
916 260 0
231 294 2
778 103 4
660 897 4
917 292 4
181 66 2
349 53 3
779 12 3
275 873 2
481 477 3
386 992 0
160 914 4
739 322 0
525 462 3
670 119 3
144 557 2
159 209 4
64 441 2
328 746 3
832 818 3
873 164 4
751 898 1
91 598 4
768 861 1
661 274 1
516 369 1
633 57 4
667 266 1
761 286 3
785 278 3
421 840 0
382 871 2
759 750 0
360 842 2
335 486 2
227 885 3
246 697 3
337 107 3
63 656 4
545 933 4
539 215 4
665 916 0
221 41 3
814 905 3
423 96 0
461 444 0
639 585 1
324 134 0
146 541 0
521 106 3
546 505 4
291 318 2
39 821 2
897 6 4
790 233 3
859 808 2
118 35 4
260 491 4
427 441 4
145 466 3
619 845 3
139 520 2
122 366 4
180 565 3
565 89 1
653 105 0
441 720 0
529 497 3
468 23 4
740 334 4
796 19 4
250 950 1
25 537 1
168 768 4
514 533 3
681 89 3
739 630 0
334 536 0
211 984 4
824 284 1
552 833 3
969 506 0
168 905 3
617 20 3
220 838 0
454 221 2
247 510 2
990 388 0
457 745 2
222 165 2
382 490 1
834 952 1
381 279 0
455 727 1
867 911 0
635 235 2
893 657 2
644 370 2
564 700 2
955 291 3
849 563 0
616 194 2
986 199 1
11 274 2
535 542 0
105 151 2
551 761 3
344 959 1
567 215 2
685 234 0
855 978 1
673 957 4
363 848 1
380 362 0
314 615 0
963 627 2
877 61 2
477 45 2
51 291 1
147 471 4
927 71 4
315 853 3
416 538 1
555 577 3
16 38 2
429 593 0
812 816 2
899 133 2
465 67 0
854 186 3
8 627 4
186 247 4
518 918 1
160 254 4
227 920 0
53 859 1
248 278 1
357 767 4
951 0 2
841 887 3
693 800 4
361 6 1
767 364 1
722 800 3
974 174 3
203 291 1
404 502 3
160 334 3
361 64 1
423 483 1
356 734 0
895 507 1
181 490 4
835 989 3
981 636 1
380 691 1
547 529 3
61 424 2
516 466 0
438 881 0
866 835 3
336 393 1
146 160 2
344 794 4
588 738 2
759 258 0
933 266 1
522 648 3
305 624 2
150 105 3
242 957 0
913 822 2
275 616 3
24 585 4
733 573 4
784 627 4
583 429 0
748 887 4
672 175 2
528 371 4
913 30 0
825 861 4
289 147 4
405 645 3
616 764 2
227 559 3
666 671 0
357 488 0
137 3 4
743 481 4
944 727 1
189 869 2
310 501 2
970 495 4
427 490 2
460 367 0
449 398 2
265 221 0
84 450 1
310 767 2
376 112 1
685 10 3
548 168 1
971 659 1
356 664 2
651 738 2
490 964 0
224 683 1
47 436 0
933 848 4
709 990 4
619 112 1
480 327 3
157 537 1
175 380 3
741 387 3
444 813 0
649 703 0
333 415 2
297 907 1
207 615 2
824 16 3
378 358 1
571 878 3
829 744 0
381 196 2
954 646 1
128 56 1
84 52 0
808 596 2
475 932 0
128 298 4
334 395 2
869 240 2
6 712 2
622 466 0
4 531 1
574 845 1
555 21 1
988 733 3
574 221 2
415 966 4
604 578 4
501 19 2
802 839 0
868 322 3
946 289 1
706 756 3
961 773 1
740 985 0
241 908 0
5 861 4
423 658 4
119 669 3
11 207 0
643 943 1
851 977 4
359 17 4
691 555 4
729 223 2
919 385 3
321 369 2
796 477 1
577 172 3
205 383 0
944 246 3
359 736 4
751 54 1
804 673 4
892 248 1
909 505 2
413 763 0
288 347 0
108 147 1
920 626 3
267 531 1
498 454 2
100 71 3
855 451 4
645 105 0
482 188 3
496 611 4
879 478 4
946 472 3
452 92 0
89 297 1
840 97 4
614 66 0
273 432 4
131 663 1
285 576 4
187 770 3
500 2 1
996 469 0
405 118 2
668 432 0
339 432 1
602 320 4
680 261 0
364 13 2
673 576 1
53 596 0
481 244 0
108 714 2
404 374 2
212 121 4
978 320 4
404 890 1
983 692 0
501 303 2
961 408 1
860 154 1
449 60 2
924 494 3
478 177 2
191 389 4
190 466 4
421 41 4
299 885 3
185 943 0
618 229 0
730 137 1
681 621 0
300 772 2
29 275 4
459 755 0
635 388 0
313 955 0
634 20 0
450 149 3
532 618 4
643 146 2
841 301 2
34 289 1
792 562 0
219 940 2
65 742 4
104 414 2
497 859 2
186 514 0
967 738 4
702 735 3
457 159 2
965 651 1
600 129 3
873 476 3
412 993 3
255 941 1
688 921 3
266 666 0
456 714 3
781 859 0
954 436 0
590 439 2
45 11 3
946 685 3
374 25 4
390 42 3
434 723 1
72 220 1
32 188 1
988 638 0
496 811 1
938 453 1
469 767 3
522 552 1
87 273 2
372 131 1
67 59 0
544 627 4
256 17 0
339 533 0
823 332 1
511 653 3
817 528 3
977 698 3
170 845 4
138 618 2
926 978 2
61 574 1
54 232 1
868 277 1
918 393 0
422 787 4
874 991 4
668 744 0
695 959 3
557 190 1
890 640 3
552 170 3
438 0 2
701 547 1
790 147 2
43 924 2
403 485 2
578 12 4
503 604 1
960 314 3
133 65 1
423 663 4
496 630 1
45 493 1
54 7 1
795 424 4
792 916 2
786 51 2
792 436 3
843 441 0
514 564 3
358 121 2
416 266 1
657 783 3
673 563 3
617 585 3
224 151 0
520 20 4
514 189 1
766 931 1
222 752 2
56 469 3
303 400 2
301 269 0
426 610 3
922 484 4
830 825 1
877 574 4
587 490 1
46 846 2
480 607 2
697 41 0
748 851 0
809 803 4
454 877 3
923 367 0
643 841 1
29 919 1
788 975 0
295 823 2
996 925 4
813 842 4
540 418 4
34 327 2
967 949 2
528 328 0
349 306 1
646 582 0
382 230 1
147 296 2
35 275 3
385 870 0
456 130 0
72 365 1
313 397 2
796 745 1
541 24 4
583 418 4
837 21 4
506 994 0
428 458 2
418 766 1
171 378 0
34 959 2
572 0 0
161 346 1
476 100 4
588 618 4
244 580 2
132 34 2
307 286 3
444 465 2
808 279 1
989 551 4
784 996 4
261 569 2
652 669 2
354 169 2
840 976 0
814 479 0
144 426 2
650 403 2
870 976 1
407 977 3
360 759 2
544 737 2
259 782 0
554 781 2
921 997 2
851 118 4
342 8 2
37 447 3
750 244 3
535 224 3
364 0 4
68 630 0
512 624 4
350 664 3
336 331 0
361 262 2
636 715 2
205 388 2
582 205 2
127 848 0
661 84 1
651 582 4
970 582 3
744 862 3
907 672 2
717 838 4
737 783 0
553 281 4
657 116 1
44 81 2
111 996 1
637 538 2
600 268 2
470 295 4
571 261 2
54 317 3
508 887 2
846 447 4
797 689 2
757 799 1
917 620 0
195 169 1
810 961 4
417 888 3
563 156 4
76 2 2
570 65 3
721 323 3
36 882 0
361 486 2
181 508 1
666 98 4
367 854 2
772 91 1
988 231 3
433 25 2
770 936 2
551 889 2
664 15 4
955 880 2
143 78 1
994 722 2
80 173 1
552 298 0
90 920 0
721 604 3
87 146 0
80 252 0
736 871 2
307 336 1
510 374 4
635 139 1
286 907 2
794 559 3
225 340 0
969 548 2
896 971 0
210 816 0
998 219 0
300 80 4
204 254 2
481 594 1
602 663 2
663 967 0
810 837 2
994 745 3
110 296 4
107 240 3
902 153 1
222 312 1
262 749 4
520 316 2
187 689 3
947 499 2
834 535 4
63 645 3
865 965 3
912 462 0
972 538 0
388 564 4
57 76 1
876 645 0
954 191 0
76 595 3
647 890 3
717 405 3
505 532 0
731 860 1
964 245 3
465 958 0
679 397 0
644 202 3
462 279 4
361 538 1
674 686 2
945 696 0
416 618 4
332 22 1
397 726 0
642 31 4
728 987 1
890 450 0
584 340 2
703 506 4
135 698 2
823 591 0
339 680 4
489 251 4
923 344 2
803 701 3
562 194 2
22 427 0
512 369 4
374 204 4
797 645 4
319 547 4
729 473 3
488 80 4
434 975 3
58 434 3
620 288 0
572 740 0
434 936 3
604 791 2
854 613 4
602 425 1
167 206 2
916 192 3
707 155 4
456 313 3
414 681 3
230 688 4
251 66 3
328 103 1
148 451 2
768 185 3
829 55 2
951 310 1
810 72 3
70 621 4
564 895 3
922 158 1
868 311 3
824 773 3
859 913 2
446 653 2
693 343 0
902 25 4
937 743 0
549 506 4
598 670 3
438 2 1
437 700 0
691 477 3
9 922 0
652 377 2
858 395 4
501 471 1
364 615 3
845 274 0
194 426 1
914 866 3
61 805 0
532 704 2
164 19 3
655 120 3
838 255 3
898 661 3
891 607 4
369 93 4
680 133 2
673 997 2
355 495 4
280 235 3
71 152 0
892 384 4
551 755 4
420 550 0
485 259 0
896 32 4
671 186 3
543 337 4
441 687 3
293 711 3
57 748 4
806 497 4
13 34 1
826 822 0
573 527 3
546 606 2
201 983 3
104 629 1
32 715 0
510 68 2
667 634 3
525 67 0
379 978 4
605 760 4
281 187 0
443 281 3
784 735 3
891 628 0
201 843 3
0 936 3
278 680 4
434 129 2
683 922 2
226 596 3
483 633 4
625 81 1
858 157 4
584 814 0
951 351 1
896 311 4
709 373 0
480 851 0
982 964 2
191 829 3
872 607 0
107 358 1
487 668 3
545 734 2
834 658 2
336 930 0
352 382 0
636 974 2
961 381 2
183 197 4
524 564 0
352 182 2
188 515 4
328 796 4
676 832 0
427 152 2
85 959 2
278 556 3
402 214 4
10 160 1
162 751 0
93 363 2
307 730 0
588 270 0
357 915 3
179 760 2
865 137 2
633 574 2
924 119 2
7 620 2
851 538 4
772 913 3
307 675 1
15 851 3
66 226 0
857 290 4
223 482 2
480 553 1
128 441 1
380 806 4
559 257 0
407 308 4
95 794 3
788 714 0
875 822 3
673 343 4
573 8 2
159 941 3
878 838 2
223 995 4
682 27 3
662 718 4
231 629 1
627 0 4
37 473 1
294 382 2
25 124 3
943 701 4
733 416 0
493 927 4
393 746 3
41 63 1
685 795 3
378 295 1
867 496 3
744 647 0
876 730 3
421 577 1
447 841 4
108 197 4
657 174 0
220 171 1
695 397 1
651 188 4
761 900 1
426 232 0
225 617 0
121 545 3
20 839 3
880 444 1
70 655 0
61 253 0
36 79 1
583 742 0
784 74 4
390 895 1
720 727 3
937 259 0
657 393 2
733 220 4
54 877 2
538 799 1
384 902 4
807 997 3
386 449 2
721 744 1
916 639 1
393 304 2
318 575 0
663 917 0
270 10 0
948 846 0
983 864 2
546 536 1
136 220 0
610 503 0
641 924 1
194 103 1
195 39 3
589 957 1
980 573 1
151 204 4
16 225 3
813 284 2
619 386 2
198 726 0
850 885 2
907 32 3
791 258 2
346 93 3
8 159 0
909 359 2
734 287 4
928 789 0
878 765 0
806 378 1
908 494 1
965 542 0
800 737 2
988 425 3
274 975 3
553 58 0
998 45 2
531 756 4
633 783 0
731 477 0
933 77 1
848 601 1
737 606 0
504 868 3
877 815 2
908 64 2
330 49 0
966 239 1
559 121 0
446 181 2
474 303 3
182 995 3
725 614 0
342 186 1
967 731 2
563 177 3
504 735 4
183 48 3
509 191 3
378 433 4
6 37 0
437 726 1
812 534 3
187 550 4
470 204 2
77 959 4
249 547 4
443 122 3
933 510 3
651 301 0
559 559 1
182 916 2
887 911 0
510 826 3
95 997 0
281 586 3
725 362 3
60 623 0
701 840 4
361 548 2
30 656 3
244 116 4
580 400 2
996 683 0
853 342 1
926 572 3
877 528 0
394 268 4
813 861 0
447 963 4
405 641 1
552 628 2
268 126 0
712 810 4
332 17 3
67 864 4
384 994 4
613 537 2
564 398 3
642 480 0
692 23 4
508 566 1
380 290 4
677 761 4
602 140 1
537 203 0
707 983 4
302 520 0
204 188 3
322 780 1
725 728 1
792 851 1
689 904 2
780 369 2
128 168 4
702 23 1
910 339 0
181 56 4
517 832 3
604 88 1
404 871 2
882 872 0
418 804 4
341 987 2
384 837 2
763 557 0
114 495 0
192 51 4
405 63 1
211 559 0
605 529 3
399 448 4
375 484 2
743 421 4
66 400 1
711 952 1
542 301 0
10 311 4
167 935 0
404 629 3
951 493 0
697 218 0
777 191 3
112 908 3
35 123 1
102 837 1
846 168 1
657 63 4
951 572 0
395 387 2
981 708 4
297 728 4
748 844 2
759 431 3
229 193 1
489 613 2
567 930 1
394 947 2
386 1 2
399 112 0
843 451 4
404 393 3
126 319 1
857 753 1
875 870 2
507 502 1
211 26 1
682 216 3
27 29 0
563 270 2
174 97 3
597 574 4
443 160 1
434 18 2
791 658 2
81 636 2
652 533 1
267 484 4
623 238 2
136 807 2
825 957 4
731 667 3
229 40 3
526 777 3
469 903 2
611 748 4
220 110 4
804 289 4
361 716 0
846 940 0
823 924 4
253 364 1
959 648 0
481 418 0
643 475 1
435 284 2
550 215 0
668 732 3
312 598 3
79 397 3
539 776 4
878 882 1
753 160 0
938 541 1
969 247 0
876 874 3
308 171 1
37 988 1
792 900 1
728 739 4
687 469 4
270 780 2
724 347 0
131 986 0
426 352 0
478 544 0
638 744 3
968 757 0
745 642 0
497 400 2
18 151 4
444 813 2
280 776 3
603 96 2
498 199 4
27 271 3
2 727 1
45 534 4
30 541 4
964 456 2
678 698 1
201 678 3
395 719 2
990 873 0
997 252 3
613 353 4
637 898 3
648 252 0
622 755 0
44 710 3
842 953 0
97 265 2
913 605 0
820 897 1
476 689 1
109 82 0
515 647 2
376 579 1
326 0 0
138 465 3
704 671 2
77 26 2
69 633 3
454 261 2
568 11 3
106 525 2
864 250 4
468 475 3
927 635 0
93 104 2
340 865 3
574 826 2
204 787 2
975 148 1
570 116 1
267 558 4
366 434 2
329 828 1
694 876 1
213 603 4
184 122 1
64 955 1
879 288 3
164 636 2
13 320 3
817 647 1
176 106 1
503 110 1
330 225 2
106 165 4
874 715 2
980 804 2
873 133 2
491 110 1
937 753 4
318 390 2
215 109 0
933 54 1
452 490 4
961 254 2
351 526 2
948 523 0
583 581 4
343 141 2
56 204 1
198 82 3
32 988 4
225 85 2
671 544 2
554 127 1
52 197 4
185 805 0
955 533 1
318 983 4
686 567 0
949 931 3
439 763 1
511 696 4
100 306 0
787 462 2
706 746 3
185 420 2
491 79 3
791 328 3
872 818 1
44 539 0
704 994 4
577 582 0
62 981 0
785 202 1
665 164 2
501 8 2
613 26 4
602 352 1
364 66 2
374 854 0
883 439 4
787 315 0
17 122 2
869 835 2
82 39 3
732 133 2
213 541 4
843 387 4
76 512 1
402 769 3
905 615 4
805 205 3
704 488 1
819 358 1
182 742 0
321 176 0
87 319 2
788 284 2
11 579 3
883 876 0
456 767 4
28 33 0
816 561 2
108 208 2
32 383 1
499 767 0
357 964 0
413 153 2
865 418 2
339 701 3
19 513 3
531 487 4
47 824 2
352 665 0
558 697 3
246 314 4
645 818 3
178 620 1
779 390 3
240 931 3
640 208 1
763 138 0
616 738 3
343 209 0
784 397 2
879 481 3
642 64 2
562 410 3
469 277 1
921 278 0
732 349 0
243 855 1
627 391 3
386 642 1
950 157 2
526 162 3
511 584 3
958 658 3
522 322 2
93 763 2
909 855 4
167 15 0
456 195 3
507 307 3
36 759 1
963 347 4
647 798 3
564 380 4
860 966 0
473 397 2
112 483 1
120 302 2
969 472 2
499 625 1
578 756 1
8 765 2
810 226 3
836 166 0
790 660 3
810 674 2
711 738 2
818 245 0
445 399 3
986 900 4
833 211 1
831 16 0
621 694 2
456 569 3
206 196 4
197 775 3
195 338 3
902 699 1
974 777 1
943 904 0
262 899 2
195 524 4
923 693 1
74 962 4
17 917 2
787 11 1
29 607 0
495 138 0
35 644 4
24 731 3
882 418 2
800 363 1
407 148 1
790 304 3
139 711 0
796 816 4
252 247 4
697 232 2
956 856 1
371 59 3
665 340 1
941 922 4
78 383 2
971 339 2
623 355 0
826 685 4
743 449 0
53 857 0
93 906 0
24 819 3
670 758 3
499 170 3
723 601 3
680 265 3
906 401 3
543 106 2
65 81 2
308 525 3
663 490 4
294 502 0
370 393 2
29 609 1
307 995 0
699 45 1
152 365 2
307 789 3
665 2 2
398 615 0
909 739 2
223 147 4
639 67 4
585 865 4
365 472 4
371 239 4
2 81 0
712 319 3
523 801 3
868 517 1
982 917 4
3 680 1
904 204 0
277 883 4
208 709 3
16 224 0
810 627 4
217 613 4
451 473 4
173 432 3
739 658 2
230 90 2
764 230 4
706 301 1
623 381 1
848 821 3
409 235 2
781 317 1
98 953 2
446 675 4
801 688 3
702 546 3
993 684 2
291 230 3
215 552 0
97 587 1
308 259 1
529 285 3
160 988 4
877 45 4
161 864 1
489 47 0
847 902 2
526 683 0
440 253 3
954 788 4
554 431 1
729 238 4
765 931 4
76 8 4
97 765 0
904 867 3
114 158 0
244 445 1
475 209 4
603 103 2
112 750 4
9 8 1
666 444 2
794 81 4
918 613 0
892 895 0
690 653 3
968 659 2
355 503 1
833 215 1
790 543 0
419 899 0
150 9 1
249 384 0
31 750 1
295 841 1
282 384 3
199 649 1
503 677 2
22 255 1
454 335 1
996 657 2
963 107 2
327 501 2
546 633 4
598 98 1
162 408 4
636 311 1
534 15 2
636 475 0
218 671 0
768 631 3
5 283 0
279 541 0
472 149 1
37 430 2
55 406 2
349 75 3
701 24 3
965 651 4
293 105 3
977 260 4
339 654 4
306 351 2
543 227 4
99 77 2
577 460 4
278 410 1
765 316 0
533 443 0
125 79 1
664 335 1
317 855 1
929 376 3
860 684 1
788 970 3
635 527 1
934 540 1
811 519 2
332 384 1
887 47 4
377 848 3
498 42 0
361 469 2
685 264 1
178 110 2
583 583 3
209 845 1
327 220 4
720 413 2
10 520 4
694 581 2
356 773 2
221 826 0
670 422 3
656 106 1
948 26 3
423 780 0
856 823 3
349 193 4
203 641 2
885 886 0
246 954 1
720 429 2
359 657 2
976 155 4
6 480 3
217 262 3
45 321 4
670 21 4
40 154 2
242 902 4
979 914 4
440 836 3
832 732 2
707 41 0
24 770 2
440 274 1
743 977 0
936 874 3
515 531 0
573 497 3
397 275 2
438 247 3
944 751 3
682 524 3
17 142 1
694 895 4
935 254 4
487 892 0
576 730 4
614 115 1
334 167 4
839 940 1
666 396 4
872 90 0
629 811 2
797 37 0
275 162 4
447 530 0
572 895 4
58 771 1
132 796 1
812 362 2
632 317 4
673 486 1
967 103 2
308 189 3
793 771 3
126 508 3
422 169 4
543 11 3
835 996 1
797 536 1
84 758 2
71 240 4
489 515 1
763 234 1
687 877 1
97 646 2
391 36 3
162 780 3
139 307 4
779 23 0
94 247 2
282 585 3
813 419 4
857 728 1
318 910 0
114 400 1
432 993 3
23 998 0
421 783 4
613 934 2
239 555 0
457 39 2
940 82 0
291 54 0
903 62 4
117 56 3
592 821 2
230 822 2
343 406 0
850 115 1
545 424 4
540 724 0
57 958 0
690 846 1
176 668 1
971 579 0
362 721 2
256 453 4
951 915 3
753 398 2
174 914 1
574 820 0
497 206 2
71 73 2
364 230 1
209 169 4
444 969 0
139 725 4
892 984 3
532 217 4
181 485 1
269 782 3
155 805 2
519 8 3
305 580 0
604 788 0
775 257 3
394 141 2
906 857 1
932 904 1
909 282 2
808 300 4
389 161 2
194 204 2
239 321 3
192 46 1
606 397 4
441 472 2
459 268 0
637 326 2
855 758 3
578 460 3
28 453 2
782 988 3
588 680 0
519 210 0
190 269 4
636 618 0
954 944 1
548 113 1
86 542 3
425 474 2
908 43 1
301 97 4
12 164 4
238 10 1
197 622 3
830 564 2
645 139 3
74 324 2
738 228 1
612 22 2
949 877 3
827 310 0
892 736 3
476 370 2
121 593 4
99 374 3
555 397 4
187 900 1
918 464 3
963 801 3
345 403 2
367 651 1
450 974 3
599 641 1
125 825 4
538 388 1
988 473 0
920 693 3
343 514 1
627 738 0
865 508 0
459 999 1
523 133 2
799 912 4
583 337 4
265 379 2
985 232 3
254 763 4
869 858 2
138 24 3
293 724 1
372 202 4
868 263 0
349 517 4
875 754 4
18 114 0
99 157 4
419 666 3
665 643 0
980 56 2
450 973 3
954 819 1
427 195 2
286 677 3
358 322 3
376 966 4
115 31 3
543 895 2
366 951 4
764 798 2
499 178 2
518 559 3
958 127 2
577 416 4
844 668 1
600 844 2
163 465 1
468 140 0
148 616 4
723 282 2
295 749 0
465 597 4
278 810 3
967 302 4
793 382 2
797 125 4
796 365 4
327 838 3
709 446 2
854 67 1
501 749 3
366 349 3
575 66 3
452 292 3
310 36 0
477 731 1
995 635 4
800 302 3
276 194 4
281 162 1
621 74 2
570 909 0
739 180 1
781 714 3
514 873 2
585 143 3
395 85 1
549 945 3
118 340 1
149 331 0
551 20 4
85 973 3
720 216 0
848 936 4
233 264 2
713 905 4
382 423 3
591 241 0
414 334 2
949 508 3
215 669 1
671 716 1
452 491 2
45 364 0
219 109 3
372 809 1
323 675 2
793 593 2
650 601 4
725 552 4
505 849 2
215 392 0
590 542 2
362 758 4
157 171 1
741 188 4
900 781 3
667 241 3
391 675 0
566 883 0
142 362 0
980 512 3
998 403 1
396 472 4
799 819 3
678 311 3
490 89 4
902 831 0
927 112 3
288 988 1
612 794 3
904 237 0
255 495 3
573 456 2
626 480 1
779 451 2
398 865 0
507 894 4
71 90 3
983 561 3
302 737 2
665 720 4
188 641 0
956 529 3
300 8 0
104 49 2
426 282 3
826 153 4
365 113 2
843 37 1
786 918 3
408 888 2
567 639 2
993 339 3
168 724 4
591 216 0
838 835 4
991 331 0
868 675 3
80 865 3
774 839 4
689 552 0
498 572 3
611 521 3
491 469 0
37 621 1
45 303 1
986 485 0
925 72 2
298 277 1
317 802 0
393 505 3
358 553 1
460 195 1
196 236 3
725 948 3
91 298 0
551 217 2
537 169 0
409 554 0
953 178 1
832 380 2
808 576 0
656 236 2
607 362 1
687 7 1
77 867 3
637 879 2
873 99 4
906 186 0
372 922 2
603 482 2
183 903 2
836 910 0
259 999 4
770 300 2
116 739 2
836 697 1
366 14 4
323 930 3
323 608 0
586 657 4
628 421 2
490 632 4
101 643 1
438 46 4
380 584 1
867 907 1
921 835 3
508 122 3
853 384 0
873 249 4
425 330 2
396 367 3
122 506 2
878 454 0
67 114 0
260 528 1
525 614 2
858 299 0
28 63 0
101 30 0
334 102 3
3 676 4
865 798 1
896 404 3
860 546 2
613 484 4
505 462 2
430 959 4
278 955 4
351 800 4
140 683 3
899 177 2
354 106 0
325 263 1
74 785 3
846 304 0
785 325 1
769 578 4
561 389 1
98 553 1
305 6 3
258 668 1
68 814 0
665 54 3
873 179 0
324 177 3
523 398 0
117 572 1
392 248 4
226 851 0
768 58 4
663 980 3
652 811 1
895 741 1
8 220 0
904 479 3
797 170 2
244 808 4
872 56 3
731 40 4
845 949 4
315 697 3
961 580 4
696 775 2
752 21 3
728 738 4
859 493 4
313 729 4
195 598 2
968 482 1
346 201 0
415 167 3
470 74 2
637 926 4
48 942 3
219 756 4
791 803 2
255 422 4
993 298 0
606 608 4
704 636 0
453 547 0
323 79 3
92 365 2
904 410 1
133 406 0
843 971 0
422 956 0
660 933 3
624 763 1
747 239 3
397 540 0
266 233 0
721 854 0
295 545 3
968 337 1
271 800 1
392 488 2
49 473 3
676 207 0
915 560 4
473 201 3
856 490 4
135 327 1
154 32 2
321 535 0
751 866 3
907 181 0
176 854 0
406 934 4
925 206 4
701 227 0
689 724 1
913 638 4
68 133 3
996 838 3
983 943 2
682 616 2
411 239 2
318 964 3
766 605 1
795 516 2
950 841 3
702 242 0
894 465 4
11 426 0
925 269 3
867 649 1
993 466 1
317 581 4
138 503 3
187 753 2
502 783 0
985 367 1
804 912 0
109 131 4
702 307 3
287 208 3
637 276 3
646 618 4
392 10 2
453 886 0
258 879 3
539 967 2
193 783 2
139 456 1
250 659 0
227 948 0
636 911 1
657 178 4
494 610 3
85 381 1
234 646 3
671 397 3
717 707 4
814 128 2
688 388 1
23 46 3
754 287 4
910 536 3
502 676 2
403 955 1
74 594 4
167 788 3
784 907 0
32 507 3
502 840 4
576 607 3
937 548 0
387 276 0
706 456 1
694 879 3
690 146 2
860 348 2
535 347 4
47 718 0
265 197 3
566 208 1
373 379 3
384 839 3
788 452 3
517 770 3
519 816 2
541 577 0
53 772 4
18 506 2
646 238 4
752 357 2
157 299 1
417 246 0
808 253 0
832 74 2
914 118 0
729 57 1
259 445 3
25 588 3
510 100 0
556 836 0
232 182 2
597 587 1
93 756 1
508 349 2
624 841 0
344 581 2
520 383 4
930 36 4
821 658 4
850 569 4
701 187 2
211 51 3
858 311 2
926 322 4
88 557 1
492 280 4
803 895 3
820 667 4
354 142 0
781 865 3
196 634 4
229 773 4
253 165 0
495 14 0
183 957 2
26 925 1
680 27 4
594 426 3
597 547 1
88 401 4
393 139 0
133 87 3
436 882 4
708 529 0
569 876 4
768 134 0
297 296 1
70 980 4
9 924 0
802 27 4
863 538 1
368 200 2
893 233 4
47 772 4
712 377 3
304 69 3
665 47 0
379 293 0
848 381 0
886 117 1
768 674 2
73 848 3
731 961 3
577 847 0
680 765 2
412 886 2
867 183 0
546 470 4
134 511 2
270 252 3
613 754 3
595 295 1
181 120 0
668 517 4
296 69 1
42 192 0
600 721 0
500 738 1
640 490 2
487 150 1
847 998 1
130 178 1
254 562 0
328 403 3
672 584 0
380 583 4
467 861 0
630 941 0
136 423 3
217 47 1
708 226 2
186 758 2
366 31 0
967 203 3
887 423 2
844 392 4
90 312 3
558 174 2
175 319 2
743 12 3
934 736 3
288 153 3
121 541 1
472 483 2
520 82 1
129 177 3
838 222 3
347 742 0
427 62 4
81 455 1
940 251 2
152 359 3
618 80 4
6 376 4
335 264 4
123 976 3
972 816 1
782 775 2
75 666 2
600 529 4
380 335 4
253 636 4
996 653 2
358 718 0
702 917 1
328 957 3
918 691 2
581 329 2
378 433 3
188 80 4
711 470 0
103 542 3
560 85 0
611 584 1
144 663 0
157 436 0
920 209 3
198 145 3
786 398 2
594 967 1
690 900 1
410 276 2
783 36 2
35 608 4
838 874 2
253 316 0
949 428 4
72 35 1
452 436 3
162 715 0
831 395 3
526 248 2
495 432 1
63 793 0
459 465 2
171 469 0
330 471 1
420 572 4
560 870 0
896 414 1
655 114 3
623 786 2
998 940 3
226 94 3
393 543 4
514 646 0
402 8 3
463 707 1
106 33 1
611 77 1
309 320 0
934 15 1
98 138 3
25 550 3
237 657 4
500 105 2
290 788 1
106 4 3
484 746 0
408 979 4
369 201 0
168 421 0
979 364 4
883 810 3
774 412 2
65 347 4
44 70 0
716 636 1
808 880 2
579 945 4
537 108 0
738 697 1
998 474 3
138 745 1
713 110 3
368 552 3
869 560 4
524 266 0
213 536 4
397 276 1
677 639 4
763 574 2
112 157 3
388 506 4
804 37 3
112 447 4
169 759 0
873 354 3
431 533 1
45 636 2
379 242 0
665 241 4
395 648 0
603 574 1
604 885 1
556 850 4
102 913 0
809 699 0
551 525 4
319 708 2
640 959 0
353 350 4
42 439 0
296 814 1
529 261 2
927 229 2
797 863 0
399 794 3
56 432 0
785 34 2
321 203 0
29 556 4
303 502 0
76 619 4
773 520 2
869 856 1
915 761 4
576 565 2
131 695 3
237 534 1
45 765 4
401 704 2
115 125 1
784 302 0
711 718 0
937 811 0
69 773 2
564 958 2
275 948 4
102 259 2
35 458 1
868 629 1
79 142 0
213 29 3
103 753 4
923 888 0
568 387 0
122 833 1
63 589 0
695 911 4
2 315 1
109 657 1
465 504 3
482 938 3
649 94 1
6 577 0
368 574 2
490 258 4
245 919 4
510 60 2
522 510 3
363 322 3
395 638 0
708 18 0
276 546 1
246 723 4
801 389 2
305 86 4
283 878 0
319 377 2
4 377 3
525 2 0
667 913 2
667 126 1
263 261 4
536 382 4
273 27 3
606 722 3
696 410 4
22 259 2
262 296 1
934 17 4
549 612 0
968 771 3
864 727 1
444 393 3
718 607 1
382 31 2
459 264 3
157 638 0
782 189 2
831 595 2
299 941 2
649 19 3
495 717 4
112 271 1
354 660 4
332 939 1
717 158 2
441 561 4
958 448 1
621 556 2
729 580 0
712 129 3
746 279 4
531 74 3
45 511 0
785 726 3
812 320 1
303 638 4
820 534 2
306 904 4
261 405 2
216 23 0
151 989 3
746 318 1
857 335 0
151 748 4
436 418 3
362 502 2
224 427 4
598 874 3
360 989 0
357 642 3
610 390 3
411 734 0
759 84 3
861 396 0
113 226 3
199 779 3
269 799 0
744 652 4
775 801 1
271 868 1
11 911 3
719 91 1
264 119 1
568 32 2
777 518 1
352 702 3
303 718 0
128 470 1
628 659 2
844 70 1
789 543 0
817 673 0
712 670 0
389 428 3
381 754 4
374 563 1
138 257 2
564 970 2
485 22 2
860 528 1
86 362 2
284 107 4
68 623 1
363 626 4
245 519 3
922 636 3
404 46 3
460 491 4
541 603 2
614 709 1
275 711 1
965 577 0
106 622 2
883 98 0
35 559 0
694 689 3
767 649 4
480 292 4
901 160 2
250 338 1
69 672 2
113 379 4
14 108 3
824 411 1
897 562 1
316 608 4
96 820 3
508 915 4
115 411 1
366 544 4
527 516 4
432 249 2
421 536 1
843 908 0
907 447 0
109 159 3
647 265 1
788 552 1
964 304 1
491 830 4
174 787 3
594 308 3
551 295 2
557 512 2
247 945 0
629 599 4
985 87 1
150 217 4
118 49 2
680 627 2
736 562 4
327 434 3
107 417 2
441 320 1
397 441 3
508 569 4
63 668 4
210 352 2
380 707 4
817 56 3
228 552 3
126 339 3
497 324 0
835 598 4
6 538 3
678 292 4
453 842 3
369 362 0
405 635 0
45 396 3
288 953 1
158 714 1
148 62 4
858 199 3
663 145 1
545 80 1
369 804 0
49 166 3
367 204 3
810 309 1
907 315 4
526 499 3
276 857 0
695 46 3
196 641 4
747 748 3
720 61 2
726 888 0
753 885 2
50 535 3
317 652 0
930 690 2
164 367 4
299 429 4
156 286 0
68 953 3
644 157 4
574 758 0
573 608 3
75 123 1
370 41 0
760 555 3
486 541 3
834 629 4
783 999 4
443 813 4
344 859 3
201 744 4
396 907 4
490 235 2
459 358 1
644 460 3
380 642 3
374 752 1
406 240 3
532 516 4
67 67 4
672 953 3
129 654 2
37 352 0
820 906 4
385 977 1
931 889 2
524 759 0
23 576 4
195 940 4
699 492 3
881 499 4
622 134 3
592 17 1
262 53 0
132 846 4
366 81 4
756 340 4
847 950 3
439 40 3
925 600 2
602 478 1
304 560 4
22 671 3
205 796 2
285 354 3
617 21 0
929 579 2
559 158 0
347 742 2
412 786 2
124 776 0
336 900 1
965 978 0
699 49 0
751 935 3
126 888 1
45 757 1
860 557 2
220 407 4
923 217 4
869 818 1
968 865 2
732 411 1
885 24 1
635 898 1
381 544 2
205 687 1
17 203 3
302 444 1
82 647 2
412 378 3
860 470 3
346 552 3
325 4 0
906 896 0
983 480 2
605 219 4
968 770 2
127 626 3
506 362 3
703 672 1
48 217 2
32 724 2
710 169 0
828 930 3
466 718 2
950 772 4
592 512 0
3 138 2
248 10 0
1 273 2
113 415 2
148 635 3
557 250 4
731 435 2
637 770 2
199 703 4
442 293 3
670 341 3
665 560 0
531 133 0
728 422 4
569 961 2
366 65 0
853 909 1
318 295 2
370 718 4
253 561 2
224 583 2
9 899 1
180 222 0
702 490 3
593 502 2
713 43 2
436 694 1
824 953 1
584 573 4
786 280 2
522 87 3
145 114 0
430 137 3
541 877 4
288 551 0
931 106 0
927 790 4
856 957 4
138 60 2
921 777 0
768 647 3
656 794 2
414 748 4
525 890 1
423 468 2
503 514 3
119 743 4
98 150 3
104 347 1
795 651 0
662 434 2
549 477 1
804 671 1
478 175 3
789 360 4
705 612 3
85 908 3
424 594 1
178 278 0
116 789 4
254 954 4
608 764 2
56 714 1
366 547 4
532 306 2
345 41 3
2 848 4
43 169 4
127 469 1
996 84 2
386 708 4
587 374 1
723 721 3
942 928 2
881 873 4
334 146 0
626 841 2
874 506 4
548 513 2
810 664 3
488 315 3
160 865 0
371 114 4
195 942 3
110 884 4
144 436 1
731 755 3
237 139 3
539 192 2
198 450 0
287 993 1
608 891 1
588 89 4
324 660 3
200 375 1
314 244 4
832 204 0
319 292 0
381 996 2
524 999 0
137 404 0
330 546 4
778 820 3
160 445 2
63 198 3
100 77 1
183 117 2
160 250 3
340 230 4
187 392 4
232 608 0
747 943 2
194 589 2
798 124 2
769 324 2
22 548 0
624 315 1
255 872 0
960 852 2
341 416 3
907 617 0
393 295 4
946 188 1
151 690 2
922 887 4
722 781 2
6 316 2
75 184 2
550 232 4
910 101 0
653 204 4
574 229 4
125 605 1
962 344 1
744 511 3
248 87 3
469 461 4
46 121 1
780 179 2
741 285 0
935 288 1
914 337 0
239 892 1
404 26 3
765 124 0
930 546 1
155 141 2
51 265 2
410 228 1
950 670 4
670 401 1
857 58 4
385 171 0
441 106 0
728 250 0
955 476 2
781 437 1
849 497 1
792 928 1
659 549 1
450 354 1
850 13 0
142 842 0
308 239 1
419 414 2
968 290 0
32 827 0
285 410 3
439 747 4
616 67 2
929 575 4
707 772 2
410 287 2
975 162 0
468 748 2
53 431 0
229 901 0
381 232 0
526 433 4
101 300 0
681 181 2
815 240 3
347 16 1
879 52 0
979 424 0
703 403 1
663 875 4
527 780 0
713 490 3
597 128 1
607 89 2
805 724 4
814 517 0
369 404 0
775 498 0
526 969 0
661 115 1
799 508 4
988 743 3
694 615 3
569 820 3
981 751 4
506 86 0
635 594 2
225 681 4
36 986 1
747 182 3
634 589 0
986 865 4
282 44 4
274 216 0
604 279 2
933 713 1
271 254 2
142 866 2
517 115 0
906 408 0
309 113 3
181 292 4
842 116 2
859 865 2
625 982 0
666 872 3
747 795 2
336 86 1
806 293 3
395 837 0
797 98 3
629 760 0
872 370 4
517 498 1
606 237 4
835 954 4
834 92 1
172 503 1
199 375 2
96 14 2
824 399 4
479 17 2
330 292 2
42 555 0
816 101 0
376 621 3
973 34 3
774 559 2
549 336 0
671 519 1
426 897 3
848 447 1
502 685 0
918 739 3
503 265 2
615 115 1
174 924 1
215 424 4
223 982 2
688 657 4
519 572 0
716 321 1
803 378 0
463 348 1
308 118 2
804 197 0
668 252 4
169 147 4
553 143 1
774 838 2
555 738 3
318 68 4
707 415 4
935 891 4
764 131 3
714 464 1
514 379 0
320 532 2
745 199 0
65 395 1
576 107 1
275 538 2
73 633 4
576 265 3
350 857 1
216 447 4
486 570 0
804 656 0
264 598 4
666 788 4
165 999 2
38 463 1
410 802 1
290 893 3
332 956 4
403 359 4
321 603 0
806 657 4
862 901 2
987 852 4
985 82 2
110 933 2
678 10 2
984 19 2
70 251 2
289 346 2
885 282 0
739 363 0
161 672 2
520 896 1
680 612 3
93 417 1
458 603 0
912 231 1
46 293 3
184 931 0
591 732 3
131 634 3
635 836 1
189 885 4
377 201 0
355 379 2
428 23 3
199 455 3
293 75 2
365 832 2
944 530 2
663 234 3
239 400 3
449 728 1
165 427 2
252 529 0
47 906 2
621 904 1
346 582 0
342 678 0
561 312 2
874 532 1
327 592 0
998 114 0
16 466 4
267 282 1
727 645 1
27 235 3
165 856 0
633 103 4
120 51 2
259 76 4
147 429 2
797 565 4
915 207 3
480 815 4
602 644 0
843 85 0
282 341 3
57 638 0
348 48 3
829 360 2
454 394 4
332 617 1
14 814 4
375 11 2
36 310 2
962 393 4
896 876 3
435 332 3
440 681 2
36 411 0
532 622 2
200 600 3
51 720 2
152 760 2
111 624 3
513 233 0
15 112 1
62 810 0
113 394 1
802 692 1
848 320 2
155 116 4
377 428 2
95 152 1
84 660 0
115 826 1
916 744 2
137 661 1
524 388 2
788 85 3
420 327 1
812 153 4
160 772 0
9 416 1
221 9 0
425 383 2
386 563 1
385 176 3
428 368 3
804 937 0
674 143 3
500 629 1
244 462 2
494 481 1
800 503 0
714 86 3
174 910 3
593 95 3
659 725 2
354 420 3
577 54 4
675 278 0
614 59 1
52 162 1
570 561 4
61 354 0
799 911 1
13 44 0
304 107 0
198 370 0
158 111 2
925 111 2
368 119 3
821 388 1
960 871 4
430 154 1
81 545 3
991 200 4
144 345 0
607 814 3
705 396 4
174 549 4
680 797 4
150 760 3
464 167 2
625 982 2
763 718 4
986 690 4
821 804 1
105 634 1
761 808 0
345 664 1
332 478 4
13 692 3
172 361 1
374 135 0
489 802 0
627 450 4
521 567 2
456 572 0
759 607 2
914 688 0
577 625 4
658 426 2
323 663 4
90 561 2
416 112 4
398 758 0
531 42 1
815 449 2
716 878 2
118 317 0
952 265 3
732 897 0
171 144 3
609 459 4
24 533 0
935 829 2
29 74 0
936 643 4
977 452 2
137 212 0
955 314 3
440 925 3
431 16 1
609 763 0
469 417 0
237 227 2
409 762 0
680 791 2
189 502 0
229 929 0
333 308 4
234 836 2
461 658 2
550 93 3
749 23 0
483 971 3
488 937 4
577 810 0
509 481 3
46 41 2
927 403 0
928 990 3
266 811 2
21 183 4
435 437 3
930 841 2
36 955 0
187 226 2
615 176 2
289 603 2
42 576 2
112 497 2
45 225 2
148 91 3
366 459 2
14 958 3
498 297 1
853 152 1
53 678 2
91 301 0
861 955 4
849 594 3
634 155 3
665 927 3
616 456 0
463 796 0
805 656 2
766 118 2
713 879 2
227 305 2
318 380 1
441 503 1
925 649 4
76 186 4
318 235 2
653 369 3
253 944 1
376 259 1
396 853 2
924 777 0
455 220 2
740 421 1
961 631 4
123 746 2
717 209 0
676 199 3
7 913 4
911 173 2
240 578 4
425 244 0
781 70 0
77 782 4
918 545 3
140 76 3
909 592 4
282 70 3
487 849 1
904 736 4
554 441 4
318 464 4
188 768 4
776 519 4
378 989 3
74 601 3
893 21 3
258 107 0
234 661 4
615 26 0
812 376 1
210 56 0
790 17 2
104 897 4
597 832 0
224 731 3
438 803 1
633 975 0
154 409 4
118 774 4
301 328 4
381 677 0
718 372 3
555 789 4
966 556 0
784 272 3
764 269 0
225 713 2
179 753 2
743 725 2
636 203 1
715 246 1
394 249 3
352 386 2
773 188 4
245 666 1
939 18 3
403 436 0
203 415 3
124 828 0
382 745 0
542 841 0
968 92 4
910 961 4
375 289 3
353 396 3
153 80 0
993 249 3
73 610 1
964 193 3
932 290 0
898 50 1
502 451 1
436 660 2
464 227 4
622 544 0
410 495 4
661 889 1
272 634 1
777 912 3
760 972 2
705 784 3
581 925 4
301 394 3
935 848 2
198 699 1
662 367 1
843 65 0
557 695 3
141 613 1
899 190 3
44 252 1
855 162 2
355 922 2
71 971 1
464 989 3
45 877 4
346 147 2
7 723 1
463 223 4
224 113 3
241 535 2
34 882 2
546 423 1
115 110 0
398 42 4
286 521 3
722 735 4
865 708 3
663 272 3
689 812 0
606 929 3
85 964 2
588 214 1
777 696 1
946 357 1
548 477 0
83 367 3
259 52 2
249 63 4
1 493 1
926 486 3
948 253 0
934 351 4
679 44 1
794 320 3
61 94 4
715 85 1
665 159 0
435 744 2
780 249 2
45 252 3
81 621 3
974 172 0
849 217 4
326 56 1
385 534 0
444 46 4
682 593 0
900 628 1
460 433 2
367 421 2
522 90 2
658 102 2
778 417 1
365 666 3
157 541 3
722 971 0
43 72 2
20 530 2
718 536 2
626 656 3
141 436 4
346 18 4
496 41 0
322 337 2
289 299 0
899 0 4
214 351 0
883 542 4
189 863 4
673 664 4
997 464 2
568 404 0
867 151 3
143 843 4
866 95 3
11 455 2
89 785 2
32 935 0
544 815 4
887 360 2
312 370 4
